0.313464389
0.316131262
0.31233219500000003
0.317578949
0.314251897
0.313404221
0.318000816
0.318533567
0.318832318
0.312343831
0.319987085
0.313778742
0.31738948100000003
0.315005588
0.31319203300000004
0.317120609
0.31591309700000003
0.313883699
0.313088039
0.313165082
0.31507901
0.31350495
0.318791845
0.313016851
0.31396492800000003
0.31585728100000005
0.316118997
0.316947648
0.313651528
0.312910338
0.31891459
0.312174402
0.31431943100000004
0.313993387
0.312257602
0.312889251
0.311989842
0.32110249700000004
0.31309928600000003
0.313175482
