0.24013175200000036
0.23886598500000034
0.23677785900000003
0.2389252479999997
0.23900414699999928
0.2447186669999999
0.2366542539999994
0.23867034600000014
0.24303344700000018
0.24196799900000032
0.24262337500000042
0.24209614199999985
0.23967118599999981
0.2360917119999999
0.24423458399999998
0.237950648
0.24125066899999936
0.2371684359999997
0.2390312240000001
0.23555333600000017
0.2344472359999994
0.23762195499999983
0.23668694700000037
0.23938135399999982
0.24273501100000017
0.2389385630000005
0.2363308700000002
0.2376944520000004
0.24464586399999977
0.23394942000000007
0.2368345879999998
0.23443130000000023
0.2358275230000002
0.2359210479999998
0.23484704899999986
0.2378574449999995
0.237234709
0.23767031600000044
0.23762352399999997
0.2401836899999994
0.24139986199999974
0.23478117300000045
0.24283819899999948
0.24574445900000041
0.2348760740000002
0.23737408800000015
0.24560604799999997
0.23637013799999984
0.23754926500000018
0.24338540799999997
0.23670741699999942
0.23668488599999993
0.2426948040000001
0.23725428799999992
0.2369625329999998
0.23754021099999978
0.23481042699999977
0.23496833200000022
0.23495950600000048
0.23661865000000049
0.23751350599999999
0.23259795899999958
0.2367091010000002
0.2381922249999997
0.23699525199999938
0.23636178099999938
0.248033108
0.2359384299999996
0.23805531299999938
0.2357505849999999
0.23649048800000028
0.23988150000000008
0.2366339519999996
0.2386731700000002
0.2376335359999997
0.23671367099999996
0.24329648799999992
0.23743152700000003
0.240673782
0.24225669000000005
