0.09762978300000001
0.09660771700000001
0.09522840199999999
0.096340023
0.09675819599999999
0.097146439
0.097269511
0.09784355
0.099060933
0.09710788800000002
0.09774778399999999
0.097555042
0.096391689
0.097127147
0.096383295
0.09624650100000001
0.09651660100000001
0.09652770599999999
0.09696802500000001
0.100751267
0.096027228
0.09700033999999999
0.09771088200000001
0.09667059400000001
0.09679206700000001
0.09674489700000001
0.096541859
0.09654867000000002
0.098007655
0.09704868400000001
0.09682461100000002
0.09799946799999999
0.09700780000000002
0.09698795300000002
0.096380549
0.09681375100000002
0.09722972700000002
0.097062842
0.09616403999999999
0.09587533100000001
