1.7322356710000002
1.733106006
1.7331038140000001
1.739417283
1.734185166
1.735933941
1.733983373
1.7346993609999999
1.7344529199999998
1.7342032129999998
1.7330663540000002
1.73194003
1.732325355
1.7453445799999998
1.7332993820000002
1.734427477
1.7350312090000002
1.7333928010000001
1.734613151
1.7326042950000002
1.733369136
1.7345433849999998
1.732199604
1.732545178
1.733878346
1.733429855
1.7318476390000002
1.7333920950000001
1.7344880969999998
1.7332106120000002
1.734825467
1.7319690610000003
1.732442848
1.7343547359999998
1.734770015
1.7337387020000001
1.7321381000000002
1.7332094040000001
1.733338534
1.7326942610000002
