0.187571661
0.18695622500000003
0.18854420500000002
0.19026436600000002
0.18895016000000003
0.18966718400000002
0.19214623600000003
0.18828735100000002
0.18637228100000003
0.186516226
0.187438181
0.18675099700000003
0.18712127
0.186440922
0.18709441300000001
0.19306666
0.19000002300000002
0.18764468
0.18748211
0.187372326
0.18719669100000003
0.18747761500000001
0.186508297
0.18708633600000002
0.188068339
0.18730548700000002
0.18873937500000001
0.18936814800000001
0.18877864900000002
0.18763148000000002
0.18809311
0.188665527
0.187075871
0.188292664
0.186990903
0.18793934
0.18785980400000002
0.187625374
0.189219616
0.18842239300000002
