0-0-0   14   [0.01305299999999976, 0.01296699999999995, 0.012714000000000114]
0-0-1   13   [0.013184000000000085, 0.012680000000000247, 0.013104999999999922]
0-0-10   12   [0.012385000000000312, 0.012431999999999999, 0.012472999999999956]
0-0-11   11   [0.01205999999999996, 0.012367000000000017, 0.012051000000000034]
0-0-12   12   [0.011813999999999991, 0.01218700000000017, 0.011988999999999805]
0-0-13   11   [0.01638200000000012, 0.012630999999999837, 0.012584999999999846]
0-0-14   11   [0.011917999999999873, 0.012062999999999935, 0.012325000000000141]
0-0-15   10   [0.012236999999999831, 0.01188200000000017, 0.01195400000000002]
0-0-2   13   [0.012341000000000157, 0.012518999999999725, 0.012901000000000051]
0-0-3   12   [0.012939000000000034, 0.012669000000000041, 0.01267700000000005]
0-0-4   13   [0.012783999999999907, 0.01218000000000008, 0.01226700000000025]
0-0-5   12   [0.012757999999999825, 0.01288699999999987, 0.012566999999999995]
0-0-6   12   [0.012267999999999946, 0.012188999999999783, 0.01241099999999995]
0-0-7   11   [0.012618000000000018, 0.01231099999999996, 0.012616000000000183]
0-0-8   13   [0.013630000000000031, 0.012691999999999926, 0.013767000000000085]
0-0-9   12   [0.012710999999999917, 0.012726999999999933, 0.012829000000000201]
