14-1-416	8	[2.42511734, 2.423590983, 2.4124677199999995, 2.401533263, 2.422646716, 2.44221683, 2.455753406, 2.4136465489999996, 2.435470117, 2.408647877, 2.418578516, 2.413464229, 2.4036906030000003, 2.5305836569999998, 2.469219118, 2.432511607, 2.468542918, 2.448083038, 2.4377885139999997, 2.401248604, 2.4725683039999997, 2.443617949, 2.412512221, 2.40882972, 2.441427637, 2.436984738, 2.41155992, 2.440202045, 2.414797382, 2.437319915, 2.4205849620000004, 2.441881509, 2.40665249, 2.438039687, 2.386515996, 2.435309005, 2.420640034, 2.418197041, 2.4774399139999996, 2.52895544, ]
15-1-748	4	[2.35332461, 2.323930681, 2.386385171, 2.364577038, 2.322468673, 2.380403645, 2.324631184, 2.305761511, 2.389129231, 2.392196148, 2.353549408, 2.391887874, 2.3671833920000003, 2.331021331, 2.352476564, 2.347325056, 2.37819372, 2.344250564, 2.3135651750000004, 2.3896524560000003, 2.3864224949999997, 2.3619415310000003, 2.3082479449999997, 2.400719294, 2.374549286, 2.33067529, 2.362939255, 2.3166884459999997, 2.3931556990000002, 2.36884168, 2.398991164, 2.346123949, 2.322007509, 2.380848045, 2.368843685, 2.3857887030000002, 2.341079937, 2.363716483, 2.349865912, 2.36807697, ]
15-0-251	4	[2.31533237, 2.3621152860000003, 2.361516004, 2.354962665, 2.390770774, 2.338087059, 2.344691951, 2.36102387, 2.371010366, 2.3538119940000004, 2.445558284, 2.3487704010000003, 2.371816304, 2.364808606, 2.3127104540000003, 2.367151131, 2.479211113, 2.3827199709999998, 2.3439867260000002, 2.377587512, 2.333894902, 2.3492990029999996, 2.35925061, 2.382624204, 2.3444370660000002, 2.487269724, 2.361635508, 2.42251714, 2.346513066, 2.395641945, 2.3614791150000003, 2.360749621, 2.379627145, 2.347385127, 2.416128032, 2.379377617, 2.3831514670000002, 2.36831001, 2.420059166, 2.372892786, ]
15-0-552	8	[2.413786635, 2.400202047, 2.446143028, 2.418328329, 2.365776274, 2.4167130990000003, 2.373246739, 2.394447027, 2.4477487140000003, 2.404968843, 2.336145966, 2.437836611, 2.3917058730000003, 2.533869583, 2.414064281, 2.4280616129999997, 2.404284094, 2.385536098, 2.382197557, 2.417971932, 2.3533861910000002, 2.446602908, 2.4130532479999998, 2.406285821, 2.3948946930000004, 2.3625172130000003, 2.4125746390000002, 2.460355384, 2.365883035, 2.353420446, 2.378647665, 2.353338409, 2.401139545, 2.332880737, 2.375825967, 2.4002045549999997, 2.37181151, 2.399807921, 2.367517817, 2.394481986, ]
0-0-39	11	[2.412644285, 2.420906338, 2.480865804, 2.439518998, 2.445753828, 2.442706325, 2.469440583, 2.453786022, 2.5078155959999995, 2.450470045, 2.4429046320000003, 2.422605729, 2.478070721, 2.383662719, 2.455703173, 2.4521471220000004, 2.4581435619999996, 2.4549831629999996, 2.420084696, 2.4800010630000004, 2.42245503, 2.430739152, 2.451462883, 2.472358733, 2.4031774620000004, 2.425942526, 2.446315184, 2.4664192609999995, 2.441767492, 2.4160629599999996, 2.410910986, 2.4775035269999997, 2.4244014409999997, 2.438094248, 2.419038359, 2.390659818, 2.4458057789999996, 2.4510322989999995, 2.4396985530000004, 2.406400041, ]
14-1-83	7	[2.5523102019999997, 2.448657886, 2.48827069, 2.460398905, 2.458677971, 2.4175271179999998, 2.509826198, 2.465086528, 2.439784175, 2.506115018, 2.520937525, 2.4609554099999995, 2.4661105450000003, 2.456827368, 2.452199432, 2.510129698, 2.474064778, 2.478565291, 2.434155547, 2.498407314, 2.543740873, 2.437615277, 2.466100269, 2.4934626289999997, 2.417932029, 2.499208564, 2.4635413170000002, 2.429200979, 2.4782339429999998, 2.510405494, 2.471575163, 2.502997526, 2.517550238, 2.443358385, 2.5394548290000003, 2.457754976, 2.44714378, 2.539912739, 2.4804153290000004, 2.469374827, ]
15-1-796	5	[2.3427671379999997, 2.375980791, 2.384750457, 2.359717243, 2.300230289, 2.346387702, 2.415644274, 2.366825545, 2.385954394, 2.362445844, 2.4048399010000003, 2.374798948, 2.35826948, 2.386993878, 2.377273389, 2.3688855880000004, 2.346709035, 2.397290609, 2.365323512, 2.339884615, 2.357139119, 2.3765653639999997, 2.3850641250000004, 2.3934725109999997, 2.313536519, 2.419129207, 2.386475463, 2.3955572149999997, 2.341901225, 2.417060538, 2.42470555, 2.374339973, 2.387635956, 2.381718839, 2.346951177, 2.3715733269999997, 2.400770609, 2.397232943, 2.346476697, 2.347505323, ]
15-0-668	6	[2.420586762, 2.342527768, 2.350374103, 2.347844564, 2.385080508, 2.350184389, 2.358441267, 2.3514307839999997, 2.354223631, 2.358435605, 2.368656217, 2.349026964, 2.350675985, 2.321095685, 2.3765026990000004, 2.4233420299999997, 2.314718055, 2.3540806840000004, 2.321868623, 2.364895585, 2.354579006, 2.3447797789999996, 2.356260775, 2.333180919, 2.3642859730000003, 2.344358832, 2.362778933, 2.348734087, 2.3839025030000003, 2.325317733, 2.352623778, 2.359478171, 2.396355161, 2.324987933, 2.357706323, 2.383312294, 2.3376063580000004, 2.348905362, 2.3849284300000004, 2.394790463, ]
15-0-658	7	[2.3876060089999998, 2.398445584, 2.478640136, 2.408992421, 2.406154216, 2.437986306, 2.381835938, 2.3880971649999996, 2.416492772, 2.431354168, 2.409486731, 2.599231334, 2.408188549, 2.390461756, 2.403513315, 2.391602932, 2.428805239, 2.44316761, 2.451541844, 2.439531061, 2.4101272629999997, 2.422315361, 2.404614565, 2.392102436, 2.369422012, 2.411478021, 2.425362308, 2.397881035, 2.421412906, 2.4375093390000004, 2.377327326, 2.4423895279999996, 2.4474394790000003, 2.4331320109999997, 2.400904713, 2.467139038, 2.36672763, 2.397814995, 2.3910823150000002, 2.4298682090000003, ]
14-1-567	5	[2.37308198, 2.384171006, 2.378358157, 2.390745538, 2.380527979, 2.4187423499999996, 2.408519503, 2.372308657, 2.457196403, 2.429223832, 2.3875073889999996, 2.4178444199999998, 2.417689875, 2.400267043, 2.379150416, 2.3841245989999997, 2.4563771379999997, 2.415204804, 2.374328933, 2.346214914, 2.4208633, 2.350673597, 2.399173974, 2.3505000139999996, 2.467722193, 2.370961231, 2.383198951, 2.390892596, 2.404397718, 2.387952861, 2.41768624, 2.4031354510000003, 2.3879383180000002, 2.374981344, 2.4219106249999998, 2.454439626, 2.3736304759999998, 2.3554303890000003, 2.416507064, 2.4329126739999998, ]
15-0-310	6	[2.416698563, 2.385297232, 2.3817935120000002, 2.395035993, 2.45989059, 2.373011408, 2.40106893, 2.380188044, 2.376574105, 2.419568826, 2.427499906, 2.401793386, 2.318178724, 2.395003771, 2.3647891569999997, 2.320930796, 2.372149919, 2.4885269020000003, 2.339629992, 2.3907812710000003, 2.333937983, 2.418464785, 2.3894395200000003, 2.370852742, 2.4137817540000004, 2.363881707, 2.454490877, 2.384762551, 2.379411745, 2.356272522, 2.392434879, 2.424187773, 2.382092417, 2.372341929, 2.356452155, 2.3542257419999997, 2.3585520740000003, 2.387033099, 2.400538504, 2.416521608, ]
14-1-698	5	[2.347878179, 2.3701620740000005, 2.443877401, 2.354034047, 2.3609614050000003, 2.351546473, 2.3502437410000003, 2.311420425, 2.388639455, 2.359982747, 2.393350859, 2.3192557230000004, 2.351270864, 2.402250579, 2.369787002, 2.3804501009999997, 2.366293098, 2.3993014440000002, 2.328491148, 2.356570551, 2.393854587, 2.345259415, 2.3529547170000003, 2.2919534500000003, 2.358845338, 2.331717526, 2.4057288970000004, 2.36973649, 2.335839854, 2.3767217900000004, 2.373073792, 2.3629498939999998, 2.415318564, 2.419267234, 2.3153235, 2.347609754, 2.3548076780000002, 2.324703013, 2.382472627, 2.393017615, ]
15-1-144	8	[2.4272384810000003, 2.4388185900000003, 2.4369338120000004, 2.364150855, 2.417751043, 2.392762505, 2.404839419, 2.42448362, 2.3889931559999997, 2.4046186790000004, 2.428323607, 2.4067759100000004, 2.416922871, 2.439599856, 2.386525961, 2.385102049, 2.437914034, 2.442639408, 2.442828483, 2.375388731, 2.446727707, 2.411833102, 2.37417171, 2.433250348, 2.416834874, 2.373166613, 2.386744388, 2.432638525, 2.3904335839999997, 2.401566279, 2.378405685, 2.44353978, 2.410993771, 2.408599376, 2.389866349, 2.414102306, 2.421248632, 2.3935999409999997, 2.3818577249999997, 2.3763604299999996, ]
14-1-719	4	[2.413605125, 2.422077357, 2.42739533, 2.4044961110000003, 2.414571766, 2.41921647, 2.417628364, 2.391924901, 2.432434867, 2.35182908, 2.400487418, 2.409675683, 2.3916045820000003, 2.458457498, 2.4087590960000003, 2.432125158, 2.435530001, 2.409139033, 2.3940700440000002, 2.413119639, 2.419736554, 2.425289771, 2.462340218, 2.4663097339999998, 2.378341781, 2.3546393070000002, 2.4310239069999997, 2.382406565, 2.425991491, 2.4133475850000004, 2.4120201900000002, 2.393817478, 2.427246554, 2.376330712, 2.3765807480000003, 2.446086726, 2.406491666, 2.41830316, 2.440671966, 2.457272873, ]
14-1-468	6	[2.391950467, 2.409966374, 2.382197917, 2.400516123, 2.476237406, 2.419533763, 2.425738198, 2.389618553, 2.387250288, 2.395388443, 2.4096279249999997, 2.37564367, 2.3926114550000004, 2.454154125, 2.368380943, 2.376826259, 2.380036354, 2.373927132, 2.393342036, 2.38351076, 2.407755718, 2.414173755, 2.359729343, 2.365520497, 2.37271816, 2.388155083, 2.379300273, 2.397123659, 2.431642084, 2.377578705, 2.434591089, 2.407507725, 2.3958829059999998, 2.382543627, 2.391107903, 2.476609594, 2.3809882599999996, 2.4149556580000002, 2.4767301149999996, 2.395688182, ]
14-0-742	6	[2.471152752, 2.587400986, 2.466350436, 2.462261491, 2.480203373, 2.477320881, 2.555487477, 2.497972904, 2.495865524, 2.4782437799999997, 2.462722492, 2.429213817, 2.4442340899999997, 2.485937422, 2.4586113619999996, 2.468561806, 2.5018060309999997, 2.476733244, 2.429014167, 2.4203118100000003, 2.5437776229999995, 2.48799107, 2.487343104, 2.5057560819999996, 2.464447473, 2.520579063, 2.484633635, 2.4519400510000002, 2.465157182, 2.479369243, 2.4324212469999997, 2.48344448, 2.550528266, 2.4815603569999998, 2.466972568, 2.4223227850000004, 2.453758693, 2.4604982160000004, 2.488072773, 2.547437094, ]
14-0-609	8	[2.431290641, 2.423276602, 2.4265157189999997, 2.4406550549999997, 2.44505815, 2.453620523, 2.465373465, 2.4555403279999997, 2.4511046800000003, 2.4102878810000004, 2.496238739, 2.3897057360000002, 2.386005407, 2.405815205, 2.430896181, 2.4242465479999997, 2.389549592, 2.460401118, 2.392370704, 2.4269428580000003, 2.403779631, 2.4152791679999996, 2.429139908, 2.4427811459999997, 2.438590577, 2.378263167, 2.45431453, 2.42714182, 2.4376413579999996, 2.444523645, 2.428103475, 2.426143616, 2.4400132589999997, 2.4303163199999998, 2.444146863, 2.420230353, 2.43945029, 2.420188892, 2.387625109, 2.447400312, ]
14-0-500	6	[2.351489332, 2.391743557, 2.372032736, 2.382435933, 2.3736619830000003, 2.393980991, 2.3639555810000004, 2.396745099, 2.403926086, 2.394312734, 2.3683330409999996, 2.389265404, 2.362627794, 2.350786877, 2.380496144, 2.3663804450000003, 2.3836158419999998, 2.3445286920000004, 2.432766318, 2.3521138710000002, 2.3785999450000004, 2.357426117, 2.374551524, 2.422707877, 2.3821766159999997, 2.388756414, 2.346541316, 2.39231311, 2.3871744870000002, 2.370091929, 2.3234996519999997, 2.4046995550000005, 2.3692893760000002, 2.383632161, 2.3691665410000002, 2.404137747, 2.360899927, 2.3596553360000003, 2.390478305, 2.344424504, ]
13-0-370	7	[2.485333929, 2.4770506549999998, 2.425191349, 2.537772434, 2.4987974609999997, 2.450746202, 2.447174438, 2.500490069, 2.451844801, 2.453388494, 2.4984180329999996, 2.4904299329999997, 2.479250265, 2.516180323, 2.48501002, 2.5435611700000003, 2.456634694, 2.486596574, 2.480856018, 2.475175252, 2.493591477, 2.4585569019999998, 2.570851672, 2.467316263, 2.46653115, 2.490178351, 2.521245375, 2.485399834, 2.4511369700000003, 2.429631808, 2.4607610870000003, 2.485040013, 2.465058528, 2.514060251, 2.5035595689999997, 2.45684232, 2.478697563, 2.468972711, 2.548051154, 2.5144385590000002, ]
13-0-362	7	[2.483641063, 2.4757795419999997, 2.4282792730000002, 2.4318411340000003, 2.4812012969999997, 2.51958246, 2.45321838, 2.551339257, 2.4549745400000003, 2.443563837, 2.388823856, 2.4397002939999997, 2.4262273629999997, 2.496126888, 2.452170121, 2.489989079, 2.479698207, 2.517647637, 2.481260362, 2.4333246269999997, 2.4265705260000003, 2.4277168249999996, 2.481155809, 2.477371551, 2.4406680219999997, 2.461286415, 2.418392236, 2.469169578, 2.487007171, 2.469659803, 2.436158649, 2.473364352, 2.532156203, 2.4892791329999997, 2.487269506, 2.436729324, 2.482786435, 2.46985322, 2.4784958969999997, 2.4697067539999997, ]
14-0-231	6	[2.4669290299999997, 2.433998819, 2.435543101, 2.460187824, 2.474028185, 2.495355814, 2.4919482239999997, 2.4663217, 2.464187795, 2.4269084409999997, 2.4284763810000003, 2.5820015329999997, 2.493818124, 2.4548507219999998, 2.4730559, 2.4559169819999997, 2.447795173, 2.491997983, 2.4906701379999996, 2.48308779, 2.488635171, 2.489159262, 2.466027639, 2.4852211889999998, 2.477054755, 2.450176239, 2.4843172529999995, 2.462284328, 2.469680122, 2.497790557, 2.442973286, 2.453316068, 2.497761727, 2.514597099, 2.431297792, 2.49214806, 2.439188136, 2.45533218, 2.486845006, 2.509730271, ]
14-0-792	8	[2.3928523260000003, 2.378059341, 2.392508146, 2.4078262969999997, 2.353412579, 2.405258823, 2.4107746270000003, 2.342788139, 2.368970044, 2.4283905000000003, 2.411847192, 2.393814599, 2.375675219, 2.4744275399999998, 2.317247324, 2.394593318, 2.366148974, 2.367745681, 2.393633079, 2.381168003, 2.359788223, 2.418194884, 2.445163039, 2.420902578, 2.330200181, 2.3475055080000002, 2.37462146, 2.3772748960000003, 2.396729113, 2.37104377, 2.386471514, 2.3695841580000003, 2.44190687, 2.383291378, 2.4212706660000003, 2.378416477, 2.424485351, 2.455961075, 2.3789800480000003, 2.3624791, ]
12-1-883	5	[2.504922556, 2.500959297, 2.4624409519999997, 2.444061161, 2.473147139, 2.427511693, 2.432196007, 2.475910211, 2.404432395, 2.462375378, 2.5227295080000003, 2.4402824990000003, 2.465977659, 2.458743653, 2.447057528, 2.478896486, 2.441041105, 2.500701488, 2.44378473, 2.457352935, 2.4649663410000002, 2.477775741, 2.399746192, 2.4595578590000002, 2.496830514, 2.4480972029999997, 2.451228135, 2.469961873, 2.487695948, 2.4760154489999997, 2.4745195289999997, 2.480272628, 2.442295973, 2.467041836, 2.4814254699999996, 2.508800128, 2.453245784, 2.478214864, 2.494498174, 2.45172155, ]
13-1-9	9	[2.431372288, 2.416928291, 2.485078889, 2.471186575, 2.414575185, 2.419246042, 2.395393184, 2.438308589, 2.4177828210000003, 2.4098739580000004, 2.417269791, 2.439021074, 2.405102874, 2.4162146379999996, 2.442395073, 2.4304663509999997, 2.469408279, 2.449682316, 2.421345335, 2.4128399820000004, 2.4102153200000003, 2.438207334, 2.4737865169999997, 2.398620981, 2.461851031, 2.4473301089999997, 2.418078899, 2.458854496, 2.420644933, 2.420574733, 2.380014296, 2.460970573, 2.389866347, 2.4847297399999997, 2.402683629, 2.435568829, 2.4563678719999995, 2.433526813, 2.402893766, 2.3828221359999997, ]
13-0-688	8	[2.416856363, 2.411110453, 2.412304233, 2.4172234599999998, 2.458058964, 2.371769962, 2.420994352, 2.475060506, 2.4539232699999998, 2.428571748, 2.4169577959999997, 2.4652930580000003, 2.406366008, 2.422470866, 2.3736782950000004, 2.4231222320000003, 2.423449583, 2.4176216139999998, 2.406564667, 2.448702901, 2.435830611, 2.415255179, 2.4267281, 2.433910652, 2.375461632, 2.396415289, 2.434392598, 2.442225628, 2.434567568, 2.390767909, 2.484826694, 2.4110232490000003, 2.448174272, 2.431980248, 2.40825366, 2.421976097, 2.443367823, 2.352698576, 2.424480997, 2.447036756, ]
12-1-345	7	[2.4298485359999997, 2.401775799, 2.411913245, 2.40086224, 2.420001696, 2.4251146539999997, 2.435501774, 2.364148303, 2.439288394, 2.3912959970000003, 2.4203417860000003, 2.424971128, 2.367611647, 2.394867333, 2.357854178, 2.47066383, 2.3598989390000003, 2.429646029, 2.373338456, 2.369588242, 2.439980169, 2.4529191709999996, 2.3464180839999997, 2.323614221, 2.436582142, 2.393650207, 2.411476118, 2.407760143, 2.408658834, 2.374283325, 2.407639874, 2.3455453480000004, 2.408967814, 2.363677839, 2.390882575, 2.398273017, 2.379353623, 2.3337350719999996, 2.552602945, 2.41362204, ]
12-1-933	6	[2.397823026, 2.516466807, 2.451110441, 2.441320716, 2.442567965, 2.507186328, 2.420961918, 2.4090479279999997, 2.4081652279999997, 2.465637224, 2.438263834, 2.4352699500000003, 2.448299258, 2.436529146, 2.461200954, 2.4829061059999997, 2.4437371069999996, 2.4663310849999998, 2.396478287, 2.4285706400000002, 2.435008985, 2.4770651, 2.487262948, 2.447152702, 2.475933636, 2.408043556, 2.4470883039999998, 2.455040591, 2.447477853, 2.385095163, 2.461412723, 2.46255162, 2.4356681350000002, 2.5650874339999996, 2.426362797, 2.41021652, 2.417380401, 2.443028819, 2.4765688200000002, 2.49473419, ]
14-0-369	7	[2.462615691, 2.408919476, 2.406937866, 2.394202529, 2.39643345, 2.40649775, 2.417893223, 2.405299994, 2.382879334, 2.396170327, 2.4423615979999997, 2.4129196459999998, 2.4210235650000005, 2.353812182, 2.395172796, 2.3846660770000003, 2.383033676, 2.4042451660000004, 2.520552206, 2.387456683, 2.346533844, 2.387364494, 2.422075121, 2.389485682, 2.442042981, 2.40525633, 2.3950862710000003, 2.414937692, 2.358973043, 2.371802731, 2.39127099, 2.424776628, 2.3779929870000003, 2.448770885, 2.429301883, 2.421130182, 2.425634166, 2.419026742, 2.4265720720000004, 2.376309461, ]
13-0-985	5	[2.373364571, 2.415415707, 2.374398514, 2.39326351, 2.3971961840000002, 2.437871718, 2.4302439209999998, 2.464391779, 2.3831592329999998, 2.402883726, 2.38211693, 2.3606897, 2.393730541, 2.3792125760000005, 2.401804309, 2.389031563, 2.402724936, 2.3635568080000002, 2.4247966830000003, 2.37900143, 2.4042858710000004, 2.419766497, 2.401213865, 2.393761222, 2.4060220119999998, 2.427350936, 2.4035338580000003, 2.404395575, 2.393372392, 2.375603044, 2.357418519, 2.384090184, 2.415370057, 2.351068309, 2.4133852890000003, 2.376691235, 2.393993136, 2.378544615, 2.397479746, 2.413058605, ]
12-0-796	8	[2.3583685389999998, 2.464082848, 2.4250711889999996, 2.399186147, 2.4124516079999996, 2.458227074, 2.3809263499999997, 2.45406245, 2.418913331, 2.3806876690000003, 2.385088007, 2.449324672, 2.341436539, 2.3831488160000003, 2.364738245, 2.35458719, 2.414275724, 2.4214978599999997, 2.415826186, 2.401693924, 2.360071025, 2.364005979, 2.425648266, 2.363061667, 2.3747445019999995, 2.377577757, 2.396029962, 2.4375179559999998, 2.387820815, 2.3903317260000003, 2.4259109150000002, 2.402779968, 2.406336156, 2.433660606, 2.372705741, 2.3832668910000003, 2.389528975, 2.392432, 2.472590501, 2.379116085, ]
13-0-745	6	[2.389259303, 2.37211615, 2.432466579, 2.423234757, 2.457824203, 2.4273495300000003, 2.4241888759999997, 2.411899764, 2.419077883, 2.427880659, 2.4571067830000004, 2.3889660600000004, 2.388703913, 2.3807949539999997, 2.4079149870000003, 2.406550711, 2.3908377649999997, 2.4082252260000003, 2.42026315, 2.3976095830000004, 2.389770429, 2.427111886, 2.407209722, 2.405597173, 2.413224133, 2.453270448, 2.4481932, 2.4241422440000004, 2.420751977, 2.4063347950000002, 2.372994082, 2.389124798, 2.429931227, 2.412195626, 2.436271395, 2.467969727, 2.516296679, 2.3737016559999997, 2.480090868, 2.417815779, ]
12-1-357	7	[2.430057783, 2.445528856, 2.456167013, 2.462363888, 2.4158955449999997, 2.503039607, 2.45342676, 2.469030095, 2.433577404, 2.482198052, 2.460916799, 2.46646316, 2.428263775, 2.441824639, 2.467793832, 2.415690898, 2.4343922940000002, 2.463734797, 2.43627925, 2.561388119, 2.522219614, 2.4544331159999997, 2.461351499, 2.459171643, 2.430575815, 2.467168153, 2.469152979, 2.427037951, 2.506354803, 2.462712227, 2.446304126, 2.455250961, 2.410805823, 2.456551103, 2.4704277340000003, 2.480231656, 2.429978048, 2.428761916, 2.4686864, 2.465127732, ]
13-1-367	4	[2.4018340840000003, 2.404953861, 2.402347528, 2.4095513790000003, 2.431437316, 2.457012433, 2.422301117, 2.447295695, 2.4492246719999997, 2.4432313820000005, 2.432615563, 2.439224698, 2.434280073, 2.4231454300000004, 2.442100321, 2.486180757, 2.3934150670000003, 2.421926615, 2.499978928, 2.430880146, 2.470186597, 2.429856704, 2.4653354259999998, 2.448474246, 2.4132188180000003, 2.401801732, 2.476661763, 2.4277090680000004, 2.4228188850000003, 2.448575816, 2.4762222940000003, 2.452693675, 2.411996843, 2.4262770700000003, 2.465264073, 2.452424954, 2.435235053, 2.442486367, 2.423475176, 2.457209442, ]
12-1-449	8	[2.497425073, 2.5014105189999998, 2.487561319, 2.5016307639999997, 2.5364965, 2.499046195, 2.48093686, 2.511673811, 2.503982748, 2.470215844, 2.5757761639999996, 2.484482148, 2.466956528, 2.484978803, 2.494060013, 2.4820916459999998, 2.470720713, 2.512603347, 2.535697725, 2.486557949, 2.495289944, 2.4816960200000002, 2.462191363, 2.481800801, 2.5079552119999997, 2.492993471, 2.469530741, 2.473273279, 2.459829271, 2.5068160649999998, 2.4402074230000004, 2.460888222, 2.542935698, 2.48315814, 2.433475219, 2.489077602, 2.503580791, 2.453816507, 2.500102706, 2.462839778, ]
12-1-942	5	[2.466111657, 2.397419668, 2.4716524819999997, 2.412195184, 2.411637137, 2.3997939770000003, 2.448940509, 2.3803479679999997, 2.4786884870000003, 2.424753908, 2.466794203, 2.389440629, 2.379589966, 2.344573138, 2.423438048, 2.428685256, 2.383892012, 2.4025411560000003, 2.4576251140000003, 2.4089661039999997, 2.414749915, 2.3721208039999997, 2.453025609, 2.442153437, 2.451056435, 2.416637777, 2.442533964, 2.4423100690000004, 2.381000596, 2.3752708690000004, 2.440484059, 2.4128728329999998, 2.3775790839999997, 2.4005987109999998, 2.389521028, 2.4592803500000002, 2.454942184, 2.427112848, 2.4484587959999997, 2.392908319, ]
12-1-803	7	[2.4585321, 2.422548211, 2.421701145, 2.4693300779999996, 2.4638918629999997, 2.5074750779999997, 2.4623469399999998, 2.5174835630000003, 2.4803706209999996, 2.4661228719999997, 2.426294072, 2.476281536, 2.4676783149999997, 2.4286502860000003, 2.454840821, 2.491420336, 2.473464135, 2.45520462, 2.4340521649999998, 2.49393662, 2.384936098, 2.492149543, 2.426095344, 2.458884843, 2.4140953950000004, 2.450561505, 2.42373002, 2.471506653, 2.417478743, 2.4827577489999997, 2.4189334020000004, 2.407555911, 2.491258175, 2.464789573, 2.468952923, 2.4757167939999998, 2.507277934, 2.449317142, 2.450875236, 2.420095679, ]
12-1-573	6	[2.363214479, 2.352476634, 2.387598556, 2.361619543, 2.374161311, 2.367972782, 2.369348112, 2.33926166, 2.3459772109999997, 2.40387513, 2.375494679, 2.359328908, 2.3235272350000002, 2.395280402, 2.444027975, 2.377422765, 2.3187389300000003, 2.366940222, 2.381194582, 2.361310183, 2.335528831, 2.3821037890000003, 2.355231761, 2.399323079, 2.355270318, 2.3906230930000003, 2.3958342440000004, 2.3920959469999996, 2.3640950640000002, 2.3188613269999996, 2.3292156740000003, 2.3282061599999997, 2.363969328, 2.320429777, 2.368293005, 2.3594752939999997, 2.372390779, 2.3732589500000003, 2.3650196429999997, 2.394802708, ]
14-0-542	7	[2.3050714759999997, 2.392438241, 2.351409451, 2.3767765279999997, 2.373281244, 2.498086618, 2.328560575, 2.365874727, 2.31088842, 2.3461799520000004, 2.323887775, 2.320218979, 2.379745286, 2.3567725630000003, 2.376697792, 2.316846934, 2.30660782, 2.378650926, 2.367783973, 2.360101396, 2.3649014, 2.399596291, 2.342605556, 2.3864647580000002, 2.3583402479999998, 2.352863396, 2.356696421, 2.38095203, 2.345621973, 2.355316071, 2.3725986, 2.33941132, 2.381662103, 2.3809254209999997, 2.362729151, 2.3537058909999997, 2.3661977629999997, 2.3477498189999997, 2.321145127, 2.35417149, ]
12-0-575	6	[2.3509945400000003, 2.350385053, 2.374991848, 2.351256185, 2.359674929, 2.315683491, 2.378164023, 2.3768646999999996, 2.341866303, 2.3461894279999997, 2.349458482, 2.362412102, 2.374479302, 2.3770129989999997, 2.3382362800000003, 2.364129612, 2.352986494, 2.35526749, 2.340602837, 2.388896958, 2.364723169, 2.3497890980000005, 2.3270019310000003, 2.36676123, 2.389190275, 2.372721397, 2.341839124, 2.43730273, 2.342526867, 2.370260589, 2.348688941, 2.378695295, 2.397113297, 2.303022419, 2.351053382, 2.3942117510000003, 2.378641654, 2.3320955480000003, 2.358804523, 2.397414816, ]
12-0-573	7	[2.40344444, 2.373760734, 2.3262604099999997, 2.349354258, 2.480556065, 2.3518208410000003, 2.366273588, 2.3702188929999997, 2.325494447, 2.353709779, 2.331708006, 2.352533279, 2.345422007, 2.35781949, 2.38459595, 2.37938602, 2.370323222, 2.3847665150000004, 2.376299815, 2.373135823, 2.372528234, 2.414836961, 2.3492228170000002, 2.3342507710000002, 2.383454834, 2.348895799, 2.346769198, 2.381175756, 2.385614645, 2.3745442400000005, 2.336485889, 2.3789731709999997, 2.461271429, 2.391415109, 2.348247669, 2.32968683, 2.387494343, 2.371923572, 2.37929382, 2.444246263, ]
12-1-481	7	[2.4862310489999997, 2.493928108, 2.458559482, 2.4868197739999998, 2.4801229849999995, 2.498699583, 2.489173224, 2.4953171980000004, 2.4419862959999996, 2.542978839, 2.455663646, 2.5166922979999997, 2.426990848, 2.490062865, 2.472522222, 2.4931281199999997, 2.501120952, 2.488270467, 2.521740635, 2.496378375, 2.519754133, 2.453160777, 2.499892634, 2.479113597, 2.4109824900000003, 2.403589687, 2.452994241, 2.5267697370000004, 2.489879913, 2.4774386149999996, 2.518965599, 2.42757221, 2.479332823, 2.451380019, 2.487088149, 2.437153327, 2.504680069, 2.458688676, 2.497258833, 2.485501577, ]
12-0-826	7	[2.378807173, 2.404684767, 2.3903927360000004, 2.384041352, 2.406632526, 2.386032118, 2.392922856, 2.400223337, 2.415446498, 2.4178387359999998, 2.364262991, 2.3379929099999996, 2.432145392, 2.387670386, 2.408994765, 2.6274653160000003, 2.4282682529999997, 2.386978592, 2.384268859, 2.358253994, 2.390001859, 2.407879285, 2.401159629, 2.3880201640000003, 2.4020295849999997, 2.3887122819999997, 2.3518283689999997, 2.381696246, 2.396583918, 2.379244088, 2.3989095590000002, 2.3626419610000005, 2.3610500070000002, 2.4454714440000003, 2.359348478, 2.3871660219999997, 2.399414865, 2.436050742, 2.347412802, 2.373671493, ]
12-0-728	8	[2.405455551, 2.380254517, 2.3986639160000003, 2.382096094, 2.372186414, 2.36980099, 2.381085448, 2.3274609429999997, 2.409765438, 2.383615273, 2.323368502, 2.4396862720000003, 2.392171029, 2.3372883989999997, 2.413192072, 2.4224957170000003, 2.3466914379999997, 2.340288154, 2.3977167419999996, 2.378814453, 2.367402034, 2.3721673290000003, 2.3477791310000002, 2.366437796, 2.351552702, 2.34393561, 2.383856389, 2.3982529570000004, 2.366169779, 2.421315805, 2.369768368, 2.34860961, 2.368814084, 2.318926696, 2.392224742, 2.38316098, 2.416828371, 2.3611072060000002, 2.3424125910000004, 2.380722178, ]
14-0-51	8	[2.3906070780000004, 2.450423013, 2.3803386700000004, 2.4061654110000004, 2.434611637, 2.3668133969999996, 2.3975825869999996, 2.4181380199999998, 2.419615108, 2.355406162, 2.394160071, 2.4192653, 2.4445204069999997, 2.424260827, 2.3621098829999996, 2.363739598, 2.405416915, 2.378798633, 2.414069657, 2.382566101, 2.381950078, 2.396448915, 2.375847521, 2.387474599, 2.379133532, 2.4925443929999997, 2.4356938799999996, 2.393549042, 2.365949694, 2.40708357, 2.4362517219999997, 2.410342651, 2.437501869, 2.4087620170000004, 2.35862836, 2.3787877159999997, 2.448707831, 2.3565545299999995, 2.369975145, 2.439770734, ]
12-0-997	6	[2.4340755439999997, 2.522997011, 2.476105799, 2.48406049, 2.437531957, 2.464909229, 2.463334127, 2.449594336, 2.555885053, 2.435185019, 2.478929185, 2.506078823, 2.483787216, 2.408580263, 2.451218547, 2.462323551, 2.445813944, 2.505685066, 2.401142926, 2.469335128, 2.423676556, 2.4276390230000002, 2.503536322, 2.4142545749999997, 2.430051529, 2.462253434, 2.478702615, 2.4873946919999996, 2.4410969479999998, 2.470793352, 2.452069027, 2.5935666939999997, 2.465179859, 2.487127784, 2.443942343, 2.469955297, 2.4692303, 2.497360401, 2.47736358, 2.44321637, ]
11-0-430	6	[2.4059060089999997, 2.362935813, 2.384932084, 2.369870235, 2.4141753820000003, 2.3431822110000002, 2.3582236030000003, 2.380062339, 2.433881189, 2.410729986, 2.4315684870000003, 2.390775022, 2.399717303, 2.423682983, 2.3653758870000003, 2.442680519, 2.404198273, 2.366396329, 2.3762027679999997, 2.401833322, 2.399395653, 2.428285691, 2.380740638, 2.419310615, 2.383118323, 2.459106952, 2.371263462, 2.3950320219999996, 2.3663774980000003, 2.410294587, 2.398840435, 2.407882701, 2.368850073, 2.385146536, 2.362636002, 2.3614885560000003, 2.3729145369999998, 2.407099093, 2.350019061, 2.4183370230000003, ]
11-0-292	9	[2.55338074, 2.373174315, 2.423035155, 2.4218950550000002, 2.434347052, 2.432239712, 2.393713887, 2.4061718599999997, 2.423943398, 2.41674136, 2.396541869, 2.4278459310000002, 2.4026040350000004, 2.418448506, 2.397940761, 2.4311994300000004, 2.374476468, 2.384611858, 2.452117437, 2.424238411, 2.411368141, 2.437502781, 2.433526787, 2.485147929, 2.432521407, 2.443993615, 2.440127907, 2.554145896, 2.423172513, 2.4107332890000004, 2.444864772, 2.421207652, 2.419738728, 2.403735171, 2.402955827, 2.468842737, 2.5020098089999996, 2.389353711, 2.416092828, 2.4440809850000003, ]
10-1-203	7	[2.406242313, 2.428805411, 2.387673913, 2.4248842809999998, 2.426499246, 2.4620707289999997, 2.429317759, 2.449957912, 2.3782329630000003, 2.379374156, 2.415465234, 2.4361183970000004, 2.492537166, 2.555314117, 2.444773851, 2.458495679, 2.445484602, 2.425041652, 2.464935862, 2.4363926119999997, 2.455170799, 2.4632528799999998, 2.4460432, 2.487779666, 2.440565334, 2.5343584530000003, 2.433368238, 2.394291225, 2.4997016409999997, 2.439379245, 2.428182539, 2.439172977, 2.4504942, 2.37654607, 2.455484454, 2.4625283, 2.4740788599999997, 2.4330803469999998, 2.4430995529999997, 2.411445783, ]
11-0-981	5	[2.427176739, 2.385592213, 2.44436052, 2.419748608, 2.390600193, 2.418886059, 2.41302787, 2.389041744, 2.418618521, 2.399805475, 2.4514900330000002, 2.379380531, 2.41190002, 2.410690906, 2.377979271, 2.370078463, 2.425081074, 2.411959456, 2.356670231, 2.372530544, 2.3841556319999997, 2.393729695, 2.44285255, 2.393332365, 2.4163747009999996, 2.38622655, 2.360944109, 2.434439269, 2.3457084220000004, 2.401297506, 2.393528941, 2.417806837, 2.433198492, 2.385522444, 2.415397276, 2.408983463, 2.3787051040000002, 2.350588738, 2.3874183220000003, 2.396595436, ]
11-0-273	9	[2.4233925440000004, 2.444056308, 2.409150607, 2.407572596, 2.408183415, 2.411090173, 2.4195123389999997, 2.403681584, 2.425279501, 2.4536095, 2.395154809, 2.370712306, 2.4044891020000003, 2.431051127, 2.436671403, 2.3988689930000002, 2.414411627, 2.456906896, 2.3735186440000002, 2.428568327, 2.4279157170000003, 2.4355462770000003, 2.4990140800000002, 2.403120453, 2.4318628560000004, 2.3632580260000005, 2.413236376, 2.375930334, 2.3876014110000003, 2.4291478979999996, 2.4481294250000003, 2.397051625, 2.403408311, 2.408697791, 2.448945836, 2.410882729, 2.466032629, 2.361170411, 2.3697826620000004, 2.4095596710000002, ]
11-1-767	2	[2.3642308979999997, 2.362247162, 2.34568495, 2.354401898, 2.375318253, 2.3654483600000002, 2.40935339, 2.312860017, 2.371948122, 2.3675985390000003, 2.3511291560000003, 2.388046076, 2.346779911, 2.378313502, 2.39203799, 2.373569817, 2.359239023, 2.403829112, 2.340907973, 2.349694145, 2.370329022, 2.3800665889999997, 2.3244058279999997, 2.373089983, 2.339836984, 2.380579846, 2.3787738359999997, 2.3336425849999998, 2.356238242, 2.358780079, 2.390426476, 2.399929149, 2.375718026, 2.3860467020000002, 2.314362606, 2.362772175, 2.359985393, 2.3606392279999997, 2.393359788, 2.354952304, ]
11-0-857	6	[2.3050925870000003, 2.376634412, 2.3698558280000004, 2.378109656, 2.3338789589999998, 2.345690866, 2.3277923879999998, 2.321627218, 2.3209398720000003, 2.344910005, 2.362020956, 2.303014365, 2.38371333, 2.3359928750000005, 2.376326665, 2.367771888, 2.3465156, 2.317753225, 2.344429358, 2.421026586, 2.360878594, 2.355114714, 2.32348239, 2.345205874, 2.375234759, 2.313034113, 2.3401148120000004, 2.3611971019999998, 2.364121182, 2.358755325, 2.383488535, 2.3601166329999996, 2.345697637, 2.3635435109999996, 2.363051265, 2.402150878, 2.281590992, 2.3323284209999997, 2.342677281, 2.374024172, ]
9-1-676	8	[2.5021993339999997, 2.461541935, 2.53170288, 2.395970808, 2.438419873, 2.405644836, 2.4433999010000003, 2.4285679940000002, 2.505622034, 2.5430080129999997, 2.419566299, 2.477811234, 2.577000288, 2.435934613, 2.4004293270000003, 2.437954691, 2.399324258, 2.476123769, 2.394751169, 2.431427523, 2.4321919770000004, 2.401915203, 2.443750754, 2.4704855400000003, 2.479957828, 2.4350697390000002, 2.443717352, 2.437505592, 2.474126233, 2.4536642669999997, 2.469020735, 2.4476313839999997, 2.5097034000000003, 2.4610243720000002, 2.4519772019999997, 2.449587552, 2.451501354, 2.432147638, 2.471078458, 2.420877472, ]
10-0-446	6	[2.383102344, 2.334311628, 2.37031475, 2.3902342379999997, 2.342836366, 2.299860691, 2.379685654, 2.3702559790000004, 2.446326939, 2.332629453, 2.4429193399999996, 2.354654793, 2.3774413460000003, 2.331702325, 2.347660351, 2.381630361, 2.378776986, 2.336660676, 2.3499197, 2.411368569, 2.394413758, 2.379263314, 2.370454142, 2.4157491469999997, 2.359691563, 2.354153683, 2.399898247, 2.506801542, 2.355648688, 2.3395698449999998, 2.380811334, 2.3419776199999998, 2.37757969, 2.373446306, 2.37829721, 2.384916133, 2.373745305, 2.368984817, 2.375177677, 2.435414233, ]
10-0-434	8	[2.405193012, 2.441602906, 2.417427282, 2.406422824, 2.403396686, 2.405879841, 2.431468336, 2.449222929, 2.4192238550000003, 2.425190444, 2.378968426, 2.4278759799999996, 2.44929752, 2.398929133, 2.4031278360000004, 2.435696641, 2.488526608, 2.4311956869999998, 2.39354567, 2.427574604, 2.393926716, 2.4126472490000004, 2.381437171, 2.410606723, 2.389380844, 2.402690308, 2.385866739, 2.40061078, 2.368295798, 2.423019801, 2.4691319089999997, 2.443944573, 2.3815697, 2.3996530440000003, 2.3772482800000003, 2.413024426, 2.414775266, 2.4829652419999997, 2.4268482799999997, 2.4300554310000004, ]
10-0-372	8	[2.395910243, 2.348054506, 2.4022691629999997, 2.3880229039999996, 2.3967868049999996, 2.383362987, 2.383168005, 2.3702497840000003, 2.427443854, 2.3333280949999997, 2.471828033, 2.374222848, 2.5326967959999998, 2.386629504, 2.376513008, 2.4410887179999996, 2.419192686, 2.3698297729999998, 2.425427346, 2.372471427, 2.360357171, 2.4053107799999998, 2.4453520159999997, 2.367073228, 2.386848239, 2.405160918, 2.410839126, 2.35635738, 2.435632582, 2.3610527379999997, 2.399742819, 2.360948882, 2.3411907210000003, 2.376723646, 2.373733483, 2.3749396110000003, 2.419329381, 2.3571546150000002, 2.344696191, 2.391114151, ]
9-0-672	10	[2.420621571, 2.434878753, 2.4567264179999997, 2.434101193, 2.4414444449999997, 2.4627964700000002, 2.4749002890000003, 2.441256995, 2.4255640720000002, 2.473671272, 2.417460244, 2.432012675, 2.464839224, 2.451961388, 2.448910904, 2.49056288, 2.443276052, 2.4097879669999998, 2.440780942, 2.4568790959999998, 2.416855964, 2.485337487, 2.430246688, 2.484329104, 2.391094153, 2.436127864, 2.466227419, 2.465963412, 2.436056163, 2.4821035449999997, 2.4370150500000003, 2.4514989590000003, 2.401145392, 2.43746601, 2.465794671, 2.4150333240000004, 2.466147605, 2.4562596329999997, 2.3972386500000002, 2.480277476, ]
9-1-165	8	[2.4012855319999997, 2.437563167, 2.462457116, 2.427349288, 2.412195722, 2.496760531, 2.445402827, 2.468534401, 2.471045747, 2.4589106099999998, 2.4549100150000003, 2.421963386, 2.443819421, 2.43208304, 2.4129514490000004, 2.505112496, 2.426286047, 2.46435803, 2.404180809, 2.436088701, 2.4882584650000004, 2.3897323550000005, 2.416517051, 2.483800488, 2.442333106, 2.4745378679999996, 2.4305017299999996, 2.4979219710000002, 2.4287299449999997, 2.4492470010000003, 2.413280707, 2.4870867359999997, 2.45820767, 2.474964837, 2.4476618219999997, 2.4427045419999995, 2.456677835, 2.464553824, 2.4086572630000003, 2.4655462889999997, ]
10-0-296	10	[2.378935708, 2.3966924940000003, 2.44894868, 2.452202377, 2.386375442, 2.3861004329999997, 2.382480235, 2.395616583, 2.460479471, 2.3788044179999996, 2.469002925, 2.365984189, 2.411313008, 2.393420813, 2.462043379, 2.3326716849999998, 2.378600857, 2.451151352, 2.360926372, 2.431930363, 2.648768012, 2.432556162, 2.434267883, 2.406944137, 2.4243735550000003, 2.407494792, 2.406897906, 2.337428969, 2.3867872909999996, 2.392461088, 2.377424581, 2.4227771469999997, 2.4593501190000002, 2.386599077, 2.406767207, 2.4645983680000003, 2.406833487, 2.4156812, 2.386182853, 2.3534781590000002, ]
9-0-964	8	[2.538661058, 2.4421363759999997, 2.471569923, 2.487877987, 2.517733355, 2.6002694889999995, 2.48507357, 2.446638429, 2.5059135020000003, 2.499587847, 2.4897343469999997, 2.4497582390000003, 2.446292507, 2.506907257, 2.512769145, 2.525752595, 2.542568562, 2.4517977889999996, 2.4821921479999998, 2.5353192140000003, 2.512717645, 2.503245066, 2.462621725, 2.423555717, 2.557234373, 2.466281318, 2.501381965, 2.4558234, 2.53788721, 2.457120042, 2.488490515, 2.449935446, 2.476114013, 2.520769284, 2.515571325, 2.5208077070000003, 2.5014264969999997, 2.464915484, 2.4579982119999997, 2.4993971630000003, ]
10-0-311	7	[2.4264847310000004, 2.418452318, 2.34735034, 2.4614752299999996, 2.392384955, 2.3754856340000003, 2.412693063, 2.690054443, 2.43903079, 2.396883883, 2.391756939, 2.385902539, 2.4041792209999997, 2.418331398, 2.4326626289999997, 2.406785205, 2.3934990359999997, 2.434463976, 2.414082411, 2.429777121, 2.390771488, 2.4042779430000003, 2.4500574879999997, 2.431609053, 2.405468999, 2.3830145540000003, 2.387154274, 2.4045208949999997, 2.444852647, 2.385064992, 2.389206644, 2.447664642, 2.450047951, 2.373130938, 2.422974483, 2.41684036, 2.4475191620000003, 2.36711281, 2.39792789, 2.4359709489999997, ]
9-0-900	9	[2.389637515, 2.43502049, 2.4750840519999997, 2.449704659, 2.472883394, 2.491359418, 2.4422502649999998, 2.468617138, 2.434571519, 2.427721897, 2.4282404280000005, 2.494362482, 2.560204974, 2.443804231, 2.433562061, 2.46292245, 2.4327682929999996, 2.4866727500000003, 2.367424226, 2.426441248, 2.426529392, 2.416614108, 2.463831355, 2.405325095, 2.4648570960000002, 2.446580329, 2.469354829, 2.408708484, 2.437297781, 2.443057082, 2.421742718, 2.443875341, 2.4383988309999998, 2.458422985, 2.432865586, 2.456363352, 2.4595471939999998, 2.411906831, 2.4474430629999997, 2.4543583389999997, ]
10-0-552	10	[2.4031437899999997, 2.3660925269999997, 2.363278688, 2.426378361, 2.383631541, 2.4191663960000005, 2.407812554, 2.41036866, 2.38738851, 2.395173569, 2.4260762750000002, 2.5485255259999997, 2.36466426, 2.400118893, 2.3965117289999998, 2.3754570690000003, 2.41187507, 2.343260572, 2.378463547, 2.3860564010000003, 2.436696295, 2.3559820690000004, 2.40327045, 2.386391858, 2.3972572309999998, 2.389444621, 2.428782429, 2.404386402, 2.4351583339999996, 2.357152857, 2.4243985400000003, 2.350649527, 2.41536148, 2.537292915, 2.407247596, 2.355912263, 2.4092501779999997, 2.371852105, 2.442207615, 2.3979004579999996, ]
9-1-343	6	[2.4622339870000003, 2.516342106, 2.52952743, 2.4956344249999995, 2.493996134, 2.5221116080000003, 2.4957896890000004, 2.488563866, 2.467025835, 2.497618346, 2.480009366, 2.4969580789999997, 2.4487732440000003, 2.4434098950000003, 2.5317218550000002, 2.4472244830000003, 2.452296564, 2.4971265650000003, 2.484075113, 2.503603226, 2.492813049, 2.473500575, 2.540497813, 2.526702926, 2.457560702, 2.455724536, 2.4887844219999997, 2.463020245, 2.51816924, 2.443294741, 2.503709576, 2.472205786, 2.457781584, 2.4262448809999997, 2.501246051, 2.536140833, 2.4759928149999997, 2.499444576, 2.435428175, 2.512873896, ]
9-0-517	10	[2.420264425, 2.436423425, 2.467674527, 2.4013119520000004, 2.413595967, 2.470708075, 2.406512876, 2.5153401669999997, 2.429728503, 2.4102238650000003, 2.473766203, 2.456726046, 2.46389227, 2.459475092, 2.423599937, 2.451203243, 2.4622301870000003, 2.447280736, 2.467008879, 2.4100474619999996, 2.42554042, 2.46081761, 2.4616835449999996, 2.444455139, 2.536531727, 2.441191966, 2.403037207, 2.431244946, 2.671507107, 2.430356974, 2.495338693, 2.463276394, 2.4637669129999997, 2.431436164, 2.460410918, 2.502627774, 2.4536493630000002, 2.461515173, 2.465819124, 2.461171989, ]
9-0-459	7	[2.481551749, 2.4888803779999997, 2.45967741, 2.44954008, 2.483727987, 2.504719644, 2.4481615310000002, 2.493527018, 2.462059084, 2.47776017, 2.4884205660000003, 2.522279418, 2.469965235, 2.533217214, 2.4769315059999997, 2.488679545, 2.472953304, 2.474727314, 2.4496555300000002, 2.461856037, 2.523196218, 2.435915192, 2.458385133, 2.503369243, 2.489700095, 2.527866608, 2.506262071, 2.486699249, 2.4508738130000003, 2.468375538, 2.4474243639999997, 2.5051159839999997, 2.431175997, 2.501260271, 2.477540203, 2.4839927690000003, 2.444899577, 2.53974604, 2.4356752829999997, 2.512825255, ]
8-1-331	8	[2.491922429, 2.4479593800000004, 2.503924894, 2.487044311, 2.5210028639999997, 2.523356314, 2.4731680789999997, 2.417236006, 2.425484559, 2.5053724600000002, 2.459482704, 2.444090115, 2.4572805819999997, 2.439531874, 2.450961847, 2.411716662, 2.467518194, 2.469569635, 2.434508709, 2.453570848, 2.450268273, 2.4716139939999997, 2.427634152, 2.4507554149999997, 2.4295727639999996, 2.509677187, 2.472414333, 2.482772397, 2.4347818820000002, 2.4315997200000004, 2.4489511850000003, 2.5090238649999996, 2.426825128, 2.420548896, 2.462336674, 2.453497438, 2.493596375, 2.4879444260000003, 2.519574457, 2.51501877, ]
8-0-741	8	[2.439466328, 2.460538593, 2.464483619, 2.4494885, 2.4357829950000003, 2.492115703, 2.446508594, 2.492668172, 2.445231429, 2.454455165, 2.436639281, 2.4523745100000003, 2.4448122559999996, 2.4355958650000002, 2.450552325, 2.563391739, 2.442663826, 2.467970696, 2.4378526149999997, 2.42134187, 2.473098721, 2.48319559, 2.5102509189999997, 2.47210918, 2.448532569, 2.45817131, 2.455589934, 2.4748696210000003, 2.468453041, 2.45560534, 2.4741462839999997, 2.4123578279999998, 2.505097593, 2.494700252, 2.4205714479999996, 2.450404221, 2.5522947289999998, 2.389239629, 2.440478324, 2.476034978, ]
7-0-129	10	[2.461233639, 2.406161507, 2.433580715, 2.4229076029999996, 2.4549220810000003, 2.4269548899999998, 2.409557163, 2.4461402320000003, 2.425225445, 2.431603435, 2.473014568, 2.5449221100000003, 2.498010186, 2.4325271630000005, 2.4247438569999997, 2.4245451260000004, 2.433917093, 2.4987772980000003, 2.4231700270000003, 2.4612626300000002, 2.446692715, 2.5228478439999997, 2.4641539569999997, 2.422217474, 2.441512384, 2.4547869970000002, 2.4023282040000002, 2.4190562790000003, 2.4508966149999996, 2.414346321, 2.4093965, 2.443868913, 2.42953616, 2.456382194, 2.470816089, 2.434922363, 2.4756739220000004, 2.429359062, 2.4705614770000004, 2.432285686, ]
7-1-521	8	[2.412826509, 2.412436063, 2.423776268, 2.427351663, 2.413212578, 2.427339334, 2.4261346120000002, 2.4383727200000003, 2.4396576679999997, 2.4217778649999997, 2.411768226, 2.407780559, 2.4241789049999998, 2.358586909, 2.4286834820000003, 2.329804943, 2.3622955500000002, 2.383290435, 2.4737206599999997, 2.410617975, 2.371692308, 2.362426834, 2.391279007, 2.394838798, 2.411788627, 2.406908014, 2.388253746, 2.384636771, 2.3983950419999998, 2.4043952120000003, 2.452948242, 2.433987955, 2.353113153, 2.411508241, 2.390429073, 2.365567596, 2.416758731, 2.4279622190000003, 2.3943254400000002, 2.4034033619999997, ]
8-0-760	8	[2.4662255450000004, 2.369919505, 2.361236921, 2.3795766300000003, 2.353729243, 2.372900778, 2.335900786, 2.314009633, 2.3326765480000002, 2.342141345, 2.3498910960000003, 2.376664894, 2.315594824, 2.372694441, 2.3397930479999998, 2.383912091, 2.3726096400000003, 2.3886116740000003, 2.345927963, 2.348418295, 2.370249496, 2.3517782300000003, 2.335663829, 2.345884603, 2.3281407769999998, 2.406526311, 2.349380863, 2.342235709, 2.322567919, 2.332425757, 2.32184778, 2.345244127, 2.412095806, 2.351849045, 2.388708683, 2.333087221, 2.3605436589999997, 2.360267079, 2.373414758, 2.347274637, ]
8-0-598	9	[2.548976796, 2.4614796699999997, 2.4825033210000003, 2.4552155730000003, 2.461494107, 2.449883658, 2.43583603, 2.466632145, 2.48528479, 2.50626935, 2.44565093, 2.4906302169999996, 2.4732672449999997, 2.4518031909999998, 2.442197052, 2.438552067, 2.4138105230000004, 2.475649719, 2.438506524, 2.431366118, 2.438358766, 2.4840451939999997, 2.488147917, 2.486262738, 2.442365132, 2.464443007, 2.462459951, 2.484283535, 2.425121027, 2.420363665, 2.496555742, 2.479702075, 2.480581001, 2.475911686, 2.447267459, 2.460354727, 2.46395865, 2.4314148490000003, 2.466987638, 2.427080881, ]
7-0-14	9	[2.3607096299999997, 2.399913905, 2.383475237, 2.381247943, 2.404128517, 2.413438898, 2.364459953, 2.4424619489999997, 2.408490744, 2.348563496, 2.3973697, 2.420809447, 2.417398828, 2.445275569, 2.4089495120000004, 2.396566768, 2.3699772990000003, 2.384639031, 2.39793066, 2.3944012199999998, 2.436358275, 2.324679813, 2.40360683, 2.350710212, 2.3777420240000002, 2.3798622099999998, 2.403639527, 2.410348389, 2.404767618, 2.382580648, 2.402679145, 2.395723795, 2.382016558, 2.408833763, 2.41332707, 2.43926597, 2.418421556, 2.38802861, 2.453424837, 2.418035788, ]
7-0-811	6	[2.4037254690000003, 2.391130086, 2.3573391170000004, 2.4087793500000005, 2.4129277890000003, 2.437345534, 2.421426099, 2.412230601, 2.435089922, 2.3968057529999998, 2.3766113620000002, 2.4257417230000002, 2.42894723, 2.4275693370000004, 2.412036589, 2.341193762, 2.4055558450000003, 2.404671521, 2.437273981, 2.416300864, 2.362041555, 2.408066931, 2.434894025, 2.463280453, 2.395529893, 2.413144067, 2.384902039, 2.3453334999999997, 2.3685369510000003, 2.361067295, 2.411162251, 2.3949501040000003, 2.4223654949999998, 2.402680108, 2.376148058, 2.4272469, 2.4082738519999998, 2.454881759, 2.435278188, 2.400721544, ]
6-1-981	5	[2.394030306, 2.3984068450000002, 2.391567852, 2.421011215, 2.4142129810000004, 2.406901721, 2.421799467, 2.41501156, 2.4007323819999997, 2.3842965960000004, 2.360070672, 2.388421767, 2.390642141, 2.421234855, 2.437061172, 2.42465285, 2.4670727599999998, 2.4210901399999996, 2.3940723960000003, 2.3947099520000004, 2.42014638, 2.4005530250000002, 2.438450283, 2.366209522, 2.3709168920000003, 2.410643782, 2.428122236, 2.352777604, 2.3724047450000003, 2.4017896910000003, 2.345940129, 2.418356412, 2.419752511, 2.40504444, 2.4359177549999997, 2.401783464, 2.440066654, 2.3827244320000003, 2.367111272, 2.4231379640000004, ]
7-0-374	6	[2.421291015, 2.479652748, 2.41294158, 2.457086964, 2.423320113, 2.417168571, 2.487047649, 2.408259915, 2.405158901, 2.384225112, 2.469635358, 2.4583641689999998, 2.455586813, 2.379475042, 2.4045738389999998, 2.413543499, 2.45547131, 2.397178497, 2.375315574, 2.441120369, 2.432781009, 2.4323294549999996, 2.4205021920000003, 2.4658731350000003, 2.4551448149999997, 2.426490856, 2.408890778, 2.4112210800000002, 2.3740851789999997, 2.393293915, 2.476534756, 2.454369836, 2.435007359, 2.431077274, 2.403810987, 2.4457460739999997, 2.377905838, 2.424531153, 2.416361943, 2.422246653, ]
6-1-839	6	[2.521025292, 2.4909608800000003, 2.528283256, 2.463042036, 2.54933079, 2.4651698250000003, 2.486093545, 2.5197548359999997, 2.541872874, 2.498799295, 2.5071189510000003, 2.4660652450000002, 2.469783305, 2.514486853, 2.498532904, 2.551925624, 2.486613603, 2.448561698, 2.446248401, 2.518233144, 2.476265164, 2.505206404, 2.461086972, 2.522167548, 2.488324798, 2.500108054, 2.481954464, 2.527018737, 2.469455546, 2.463006269, 2.536443731, 2.466761848, 2.480655917, 2.4616468609999997, 2.4404384519999995, 2.4885837360000003, 2.523152519, 2.462589586, 2.474002133, 2.4703817359999998, ]
7-1-604	6	[2.295356067, 2.3349487580000003, 2.3574812510000003, 2.333153895, 2.320232287, 2.3197369309999996, 2.3457432350000005, 2.392330991, 2.31957257, 2.302243639, 2.310953501, 2.283912866, 2.314998651, 2.3616915499999998, 2.340948256, 2.284421473, 2.332140885, 2.310491922, 2.340205359, 2.357123873, 2.3427921940000003, 2.3293357720000003, 2.336004153, 2.309947088, 2.348398169, 2.313889766, 2.296669607, 2.3457244399999997, 2.342724587, 2.334526991, 2.421128752, 2.335348004, 2.322446936, 2.337971702, 2.268224387, 2.3179544460000003, 2.341632412, 2.279862572, 2.287638262, 2.403373705, ]
7-0-262	9	[2.447755809, 2.421969206, 2.4514643539999996, 2.4524953710000004, 2.460962266, 2.4553864369999996, 2.420684852, 2.4082362930000003, 2.44776066, 2.393579284, 2.42250972, 2.475353904, 2.4113027560000004, 2.485725521, 2.4499636689999997, 2.451483617, 2.42504539, 2.466413932, 2.428590033, 2.43515852, 2.4599151590000004, 2.4411856309999997, 2.447530951, 2.429830271, 2.452426563, 2.422543557, 2.397766725, 2.439123553, 2.369802641, 2.4372481930000003, 2.4352089279999998, 2.473609486, 2.445238282, 2.398177943, 2.5149374300000003, 2.442129126, 2.433235528, 2.454099373, 2.430543497, 2.423331967, ]
7-0-718	6	[2.382552128, 2.41450965, 2.401042596, 2.4456212760000002, 2.421341737, 2.440552666, 2.4778751129999996, 2.388637589, 2.408571761, 2.367458084, 2.376892997, 2.436030931, 2.458061721, 2.413660504, 2.37842797, 2.427119595, 2.3936229690000004, 2.457469824, 2.480280592, 2.425286111, 2.433240564, 2.447130804, 2.467114785, 2.438070863, 2.430344637, 2.3637788299999998, 2.422297474, 2.422746623, 2.3835555810000004, 2.405414073, 2.3964269480000002, 2.425767529, 2.389789909, 2.389138479, 2.410426162, 2.442056735, 2.432131781, 2.4017551210000003, 2.4239378080000002, 2.4443587439999996, ]
7-0-857	6	[2.339930708, 2.382361577, 2.365256397, 2.400678668, 2.359868801, 2.3707005349999997, 2.371645746, 2.3285045870000003, 2.339522649, 2.413965466, 2.387922583, 2.3759277080000003, 2.3500054589999997, 2.426314869, 2.343303891, 2.364773218, 2.411156677, 2.305264937, 2.369693548, 2.4020028150000003, 2.410165337, 2.371188673, 2.3592960119999997, 2.365289348, 2.3609159010000003, 2.334561809, 2.395975722, 2.32793864, 2.3140450969999997, 2.4582974359999996, 2.329715464, 2.390691325, 2.344781843, 2.386144457, 2.2796739820000003, 2.348642679, 2.385235223, 2.352836182, 2.317329568, 2.387066355, ]
7-0-501	5	[2.3750276379999997, 2.347955713, 2.344843227, 2.360072628, 2.379645057, 2.343252669, 2.389295058, 2.548990585, 2.4346477120000003, 2.4006215249999996, 2.433950537, 2.452798911, 2.4532007370000004, 2.393805932, 2.374662682, 2.412432991, 2.376449012, 2.350128831, 2.376135543, 2.366649953, 2.389612191, 2.367089317, 2.384475578, 2.374843511, 2.401155565, 2.393239228, 2.383760172, 2.4089859369999997, 2.378190455, 2.40225592, 2.392145959, 2.38990103, 2.3757720300000003, 2.347840899, 2.352251398, 2.376749063, 2.3794314389999998, 2.379196521, 2.363651203, 2.417173588, ]
7-0-373	6	[2.346225899, 2.351974935, 2.384556312, 2.353261492, 2.3668476960000002, 2.394970664, 2.374909113, 2.3698315350000003, 2.393065215, 2.3776113079999996, 2.387669226, 2.374494646, 2.349538399, 2.414960104, 2.366799793, 2.3844459880000004, 2.369866846, 2.430503794, 2.4447027429999997, 2.378595463, 2.3896815, 2.420987233, 2.3932076049999997, 2.407163542, 2.393166738, 2.377960839, 2.4068219429999997, 2.3887897369999997, 2.378839326, 2.343318812, 2.3890581330000003, 2.362220439, 2.388095969, 2.356762272, 2.35570146, 2.411177212, 2.356156574, 2.334652423, 2.359989186, 2.397836041, ]
6-0-611	8	[2.466870394, 2.455774596, 2.5042842309999997, 2.641805261, 2.510023912, 2.52350426, 2.453730062, 2.4741559819999996, 2.502272445, 2.5255237100000003, 2.466891381, 2.451316447, 2.543340575, 2.491961796, 2.556045885, 2.4813382299999995, 2.500987012, 2.4669125459999997, 2.490756408, 2.51276308, 2.546505041, 2.494879219, 2.5671130310000003, 2.49362015, 2.4907249919999996, 2.486283362, 2.519330763, 2.486755509, 2.465437235, 2.4805935260000003, 2.51018835, 2.5091562740000004, 2.465962822, 2.474287846, 2.479320838, 2.4771883939999997, 2.50156739, 2.536702719, 2.505830674, 2.5099410239999997, ]
6-0-81	10	[2.418962068, 2.4405320990000003, 2.491940047, 2.359339792, 2.426258764, 2.4245490839999997, 2.455305503, 2.41459094, 2.467419146, 2.444942774, 2.464231716, 2.515902206, 2.370533428, 2.399462748, 2.424422228, 2.418752413, 2.4239528139999997, 2.426318262, 2.4333598480000003, 2.4099482, 2.4509910159999997, 2.421213194, 2.396679077, 2.4550361609999998, 2.488226444, 2.425019562, 2.416246452, 2.413939566, 2.4432607930000003, 2.431301644, 2.4574880649999997, 2.407465415, 2.450564537, 2.422618484, 2.459428971, 2.4859879449999998, 2.415185586, 2.3980198350000004, 2.42825771, 2.395662054, ]
6-1-474	6	[2.42670148, 2.416220914, 2.396365549, 2.364323876, 2.377151684, 2.3547820570000004, 2.428270599, 2.383585387, 2.377791078, 2.380955618, 2.478655637, 2.3606522360000004, 2.384372202, 2.400789932, 2.406831674, 2.4234184360000004, 2.4162628930000003, 2.395615449, 2.357389698, 2.357085618, 2.40338168, 2.396037131, 2.426035198, 2.4269872919999997, 2.384131386, 2.371686793, 2.383469324, 2.456898011, 2.356351858, 2.474853361, 2.4208264720000003, 2.411680968, 2.509264284, 2.380815568, 2.4266645239999995, 2.400057397, 2.386279197, 2.3750407019999997, 2.3645158559999997, 2.360938147, ]
6-0-190	7	[2.351524253, 2.477793558, 2.301999102, 2.368354109, 2.339542108, 2.36157042, 2.3537040950000003, 2.369204104, 2.376381383, 2.3567968940000004, 2.343241566, 2.346106137, 2.3380952199999996, 2.357472593, 2.34018514, 2.3980615259999998, 2.623377464, 2.3392951330000002, 2.306147343, 2.36329697, 2.3417914040000003, 2.372755419, 2.350014868, 2.375694512, 2.393352047, 2.385799829, 2.351532605, 2.392396736, 2.378473156, 2.348165371, 2.3372812720000002, 2.3400151129999998, 2.307102323, 2.3767627630000003, 2.3635387860000003, 2.359924857, 2.4288765960000003, 2.358745465, 2.378293398, 2.3527525359999997, ]
4-1-292	10	[2.459014426, 2.485550071, 2.446839207, 2.4697982969999996, 2.4021070479999995, 2.440227577, 2.461872543, 2.5360307669999997, 2.407112603, 2.486699451, 2.483888257, 2.460065779, 2.4600102369999997, 2.42670997, 2.419831243, 2.40246946, 2.3825941840000002, 2.424356143, 2.404743099, 2.472770752, 2.423229257, 2.4032793879999996, 2.4063794850000004, 2.454115788, 2.379796763, 2.4383169459999996, 2.4205345470000004, 2.533217856, 2.41999138, 2.456754761, 2.428756949, 2.4747843179999998, 2.443490555, 2.465148629, 2.457112074, 2.4178506509999997, 2.472762395, 2.425112673, 2.43692448, 2.4137881329999997, ]
5-0-559	7	[2.4383885000000003, 2.4392390379999997, 2.423176288, 2.438367462, 2.396401571, 2.418947588, 2.433650686, 2.434214809, 2.431852849, 2.423316925, 2.4555111849999998, 2.437422856, 2.403189947, 2.4351994859999997, 2.4160251080000004, 2.512360064, 2.361584366, 2.39526008, 2.390755137, 2.404539004, 2.363145117, 2.3464265820000003, 2.409708494, 2.4336673099999997, 2.406954327, 2.396461619, 2.4068937440000004, 2.4181038349999997, 2.3708152829999998, 2.383435924, 2.431617251, 2.375359298, 2.4488539609999997, 2.420727869, 2.387168164, 2.4293811, 2.42344792, 2.3827511190000004, 2.4260165330000003, 2.402068931, ]
4-1-916	8	[2.441649815, 2.409910266, 2.4614574840000003, 2.424337789, 2.403003001, 2.412973776, 2.420815063, 2.429268902, 2.411809404, 2.4711201430000003, 2.427369144, 2.424188392, 2.386987178, 2.424892305, 2.400012734, 2.420335267, 2.465220822, 2.392637182, 2.4334887629999997, 2.439862808, 2.457409481, 2.389549852, 2.445358658, 2.3818318549999997, 2.400625635, 2.413245715, 2.389100872, 2.365405556, 2.415587599, 2.473661568, 2.43911487, 2.394889708, 2.428164296, 2.400323073, 2.4347514890000004, 2.4547787320000003, 2.438427808, 2.4092582399999998, 2.40759772, 2.4321499280000003, ]
6-0-163	9	[2.3973065, 2.453040679, 2.418196173, 2.442016857, 2.418444881, 2.38580655, 2.489261493, 2.412588605, 2.447020673, 2.4346836, 2.4128681710000004, 2.393167495, 2.461739422, 2.418880047, 2.444609207, 2.4138376260000003, 2.382009773, 2.435966587, 2.4043076770000003, 2.428434162, 2.43328856, 2.4630665159999996, 2.3799928169999998, 2.432715544, 2.509215319, 2.451184328, 2.430113253, 2.3815254610000003, 2.4082740620000003, 2.5437472420000002, 2.426500653, 2.433190258, 2.4518369939999998, 2.448300452, 2.4419968819999998, 2.472698772, 2.440875544, 2.430630152, 2.412359288, 2.442212605, ]
5-0-709	8	[2.4610559810000003, 2.437176347, 2.509114932, 2.507109573, 2.534817909, 2.5239302080000003, 2.4519727490000003, 2.5273811969999995, 2.468735444, 2.465398751, 2.5219720740000002, 2.4769015889999997, 2.4931225450000003, 2.7810006009999997, 2.439841966, 2.501948468, 2.545065008, 2.4329401090000005, 2.5164153160000002, 2.521060234, 2.465826154, 2.479101333, 2.476706355, 2.453919559, 2.511553462, 2.500189641, 2.491976689, 2.544235421, 2.501420413, 2.4872366489999997, 2.545416495, 2.484160594, 2.5167108910000002, 2.470600061, 2.5104056359999998, 2.4782290829999996, 2.480184578, 2.4544407689999996, 2.5172459949999997, 2.51024871, ]
6-0-465	8	[2.5381263179999998, 2.43542903, 2.426845729, 2.439160486, 2.435794778, 2.4231903800000003, 2.469067615, 2.408528303, 2.464732775, 2.570845876, 2.538307996, 2.448759853, 2.487343622, 2.410781378, 2.438121377, 2.403034737, 2.490947769, 2.456515876, 2.42489585, 2.4383705019999997, 2.4460154640000003, 2.416731501, 2.470450827, 2.419752334, 2.454144212, 2.509873971, 2.4831575349999997, 2.4382901749999997, 2.411557506, 2.404713547, 2.417863247, 2.493620483, 2.414902069, 2.401100544, 2.4694645299999998, 2.4179556680000003, 2.362579697, 2.436117899, 2.416372323, 2.4244266439999995, ]
5-0-287	7	[2.3738233949999996, 2.379646832, 2.3824957180000004, 2.525794942, 2.3929867930000004, 2.3446647090000003, 2.389047128, 2.403525964, 2.414613246, 2.3557367119999997, 2.379457767, 2.4007285979999997, 2.374622091, 2.394487112, 2.410936249, 2.407154485, 2.381224163, 2.3728111390000004, 2.412056972, 2.363591478, 2.3489068630000003, 2.3866769110000003, 2.4057460630000005, 2.409706151, 2.3971831569999997, 2.3856768269999997, 2.433964668, 2.365534872, 2.3864754240000003, 2.409199193, 2.432749179, 2.384836527, 2.39573188, 2.3917531579999998, 2.3798057220000004, 2.4468633509999997, 2.396528676, 2.4419070119999997, 2.421296834, 2.3810041450000003, ]
6-0-957	5	[2.3554783630000005, 2.372533903, 2.381441468, 2.3122742580000004, 2.3539577840000003, 2.355668053, 2.366627057, 2.451236356, 2.38840634, 2.372657821, 2.384003014, 2.29119558, 2.4109199439999998, 2.341156917, 2.433355695, 2.382457131, 2.366477599, 2.380176557, 2.380483825, 2.401467659, 2.3658834339999997, 2.334900888, 2.403634317, 2.381113543, 2.343797044, 2.348118651, 2.481326418, 2.369396245, 2.4445418620000003, 2.369755758, 2.335437379, 2.343898136, 2.359641723, 2.332448193, 2.32180499, 2.3539269839999997, 2.371582257, 2.356383179, 2.359763035, 2.384636984, ]
6-1-664	8	[2.420336024, 2.3803863310000004, 2.3958525350000004, 2.398632162, 2.41015525, 2.3726398690000003, 2.35089247, 2.456095866, 2.379353924, 2.3661846109999995, 2.423899021, 2.4349858920000003, 2.3652884280000004, 2.4073383980000003, 2.4325310730000003, 2.421458122, 2.4432753320000002, 2.4025205420000004, 2.388797159, 2.415427237, 2.361662774, 2.3546801950000003, 2.392632291, 2.39210525, 2.377626775, 2.387955553, 2.401837953, 2.3566615740000003, 2.321534858, 2.385572641, 2.4218707459999997, 2.4345197919999997, 2.398158211, 2.401798434, 2.378872857, 2.4249879439999997, 2.407273772, 2.404234743, 2.339579241, 2.362962417, ]
5-1-1020	4	[2.364104366, 2.3741852210000003, 2.318468461, 2.3079563000000003, 2.3501112200000005, 2.344008865, 2.340605277, 2.309788663, 2.3280469960000003, 2.41787994, 2.3374651990000004, 2.3367949350000004, 2.352742793, 2.354979845, 2.368136383, 2.3412589090000004, 2.3475105340000004, 2.3245396780000003, 2.314707699, 2.3324782600000002, 2.326871258, 2.347474189, 2.3708753380000003, 2.347103909, 2.336408961, 2.348952432, 2.315698931, 2.318194751, 2.339440825, 2.35740888, 2.376511512, 2.358320948, 2.357082401, 2.3166423710000004, 2.321492123, 2.3910830040000004, 2.334401529, 2.379252177, 2.3784971649999997, 2.359998901, ]
4-0-906	9	[2.3942523070000004, 2.406505203, 2.413894894, 2.434166814, 2.440832105, 2.376960506, 2.4139819, 2.42901705, 2.41170303, 2.432045403, 2.393667106, 2.3892671750000005, 2.511848064, 2.432558731, 2.507797433, 2.427365037, 2.4398177910000003, 2.49795314, 2.5080252169999997, 2.394208252, 2.470872189, 2.5697754660000003, 2.4875777489999997, 2.4279648540000003, 2.4456075360000002, 2.420210653, 2.422789955, 2.4160750790000005, 2.4599803479999998, 2.452037614, 2.459252996, 2.411275905, 2.41459767, 2.4917019149999997, 2.421492124, 2.4028971190000004, 2.447579984, 2.415321944, 2.470214501, 2.43234084, ]
6-1-299	7	[2.417603668, 2.397026837, 2.390195525, 2.4026640300000004, 2.387905247, 2.371454356, 2.453898416, 2.3687321409999997, 2.3726780389999997, 2.449463809, 2.395984492, 2.408379978, 2.407522364, 2.37955241, 2.3750469470000004, 2.388181914, 2.41664608, 2.387242163, 2.3924793529999997, 2.4126494010000004, 2.395130805, 2.373183376, 2.404867233, 2.3917988660000002, 2.421412277, 2.406258718, 2.362986798, 2.399938422, 2.3623175959999996, 2.425918286, 2.3658505290000003, 2.42337016, 2.4152216980000003, 2.466185927, 2.3619679400000004, 2.3839694510000005, 2.338143818, 2.430826006, 2.40812142, 2.421007302, ]
4-0-618	9	[2.430322569, 2.475335868, 2.434458699, 2.465215106, 2.4459532299999998, 2.464260476, 2.4922154240000003, 2.410991009, 2.448370658, 2.43310313, 2.473325475, 2.497950815, 2.443383227, 2.474969617, 2.4605793350000003, 2.3920424540000003, 2.501536977, 2.463988067, 2.47244208, 2.427717629, 2.4324184439999996, 2.475109975, 2.4754344, 2.430525019, 2.437191037, 2.440562058, 2.431704132, 2.4203020019999997, 2.464519352, 2.4231406489999996, 2.4757927520000003, 2.5532988839999997, 2.466420506, 2.473821186, 2.418761473, 2.414568277, 2.4477853549999997, 2.474049242, 2.454746009, 2.431548956, ]
6-0-861	6	[2.3250682100000004, 2.34045529, 2.310215803, 2.3797479569999997, 2.3835266940000004, 2.349267717, 2.312016916, 2.3471871810000002, 2.3205550560000003, 2.338092811, 2.27715311, 2.317018667, 2.3360312320000003, 2.318282398, 2.3857721759999997, 2.376703871, 2.299573563, 2.2825397020000002, 2.3304381359999997, 2.302915669, 2.363541473, 2.31101976, 2.357348794, 2.3456157600000003, 2.3469548899999997, 2.3438960699999996, 2.342676796, 2.326294511, 2.335993405, 2.30080281, 2.374377504, 2.3831712599999997, 2.357665696, 2.342613089, 2.337739814, 2.317402407, 2.326712564, 2.313551041, 2.317718865, 2.322980382, ]
5-1-486	6	[2.493945314, 2.49790635, 2.551465216, 2.482077877, 2.516223524, 2.46974186, 2.517733909, 2.491133673, 2.5468764539999995, 2.5159170179999997, 2.552747888, 2.4839942209999997, 2.531228831, 2.519587764, 2.5178444310000003, 2.519854604, 2.576546344, 2.54253722, 2.561497752, 2.494462129, 2.4857487149999997, 2.505426304, 2.545640659, 2.547380269, 2.5458749689999998, 2.576587257, 2.494966376, 2.509656658, 2.5331918279999996, 2.506001699, 2.491589939, 2.612191313, 2.658936895, 2.514848638, 2.5131187809999997, 2.5266413119999998, 2.536852607, 2.482958349, 2.5157712009999997, 2.567130157, ]
4-0-471	7	[2.511937283, 2.468519197, 2.452435919, 2.4997081789999998, 2.45599409, 2.5107444649999997, 2.41954581, 2.496257857, 2.441189726, 2.455847052, 2.478186398, 2.4715542889999997, 2.4555042809999996, 2.4474006380000004, 2.507527358, 2.480320796, 2.489460818, 2.5035431069999996, 2.4767379490000003, 2.466599785, 2.4845199510000002, 2.465202771, 2.4395038039999997, 2.528360221, 2.4970981180000003, 2.43931321, 2.452465759, 2.433011364, 2.4296302, 2.434745008, 2.4127830059999997, 2.49774877, 2.472921771, 2.471536038, 2.437167471, 2.4844380569999998, 2.4639843349999997, 2.556843907, 2.499134162, 2.491477709, ]
4-0-470	8	[2.453421714, 2.451243956, 2.487480934, 2.465532382, 2.467435991, 2.440697738, 2.43797108, 2.44152867, 2.443004103, 2.463004934, 2.490888799, 2.5116927700000002, 2.452689144, 2.452665459, 2.451077751, 2.479309281, 2.413037161, 2.448644397, 2.468397112, 2.416792719, 2.488635271, 2.588715136, 2.5221743869999997, 2.4562357190000004, 2.462679908, 2.567754774, 2.474876332, 2.4935436199999996, 2.47433891, 2.446807722, 2.447750637, 2.448881536, 2.454879963, 2.4468836389999997, 2.4680372839999998, 2.4141411109999997, 2.4670126989999996, 2.4726861629999997, 2.4695199, 2.4803930339999996, ]
5-1-337	8	[2.4893167829999996, 2.437964363, 2.4740465769999997, 2.486972141, 2.510688854, 2.4723865820000004, 2.4895117509999998, 2.469789102, 2.554314304, 2.466181187, 2.476126398, 2.528977388, 2.436165156, 2.477968782, 2.500784689, 2.441495998, 2.4384950549999997, 2.4585239679999997, 2.502789343, 2.442707805, 2.4266349739999997, 2.4491249459999995, 2.495492422, 2.4289575639999996, 2.501729307, 2.451742584, 2.4241205139999997, 2.541399735, 2.505365138, 2.4934491210000003, 2.48015668, 2.48776426, 2.4607396489999998, 2.431961222, 2.419918306, 2.4581097339999998, 2.480541314, 2.461166545, 2.47512654, 2.472636016, ]
5-1-336	9	[2.4910013149999997, 2.444588567, 2.556821152, 2.4641352430000003, 2.4731087919999997, 2.449144533, 2.497620126, 2.528967965, 2.434127584, 2.481179201, 2.509792848, 2.4927727109999998, 2.442799365, 2.511919534, 2.481948365, 2.4911200399999998, 2.453784039, 2.508957328, 2.692501837, 2.499859411, 2.506104133, 2.4038573010000004, 2.4218359990000002, 2.459462002, 2.447651333, 2.499028762, 2.486221054, 2.485876312, 2.5346465830000002, 2.428360316, 2.492805397, 2.4724077180000004, 2.433276609, 2.4085872230000005, 2.487425203, 2.488263345, 2.48132999, 2.487040652, 2.488085614, 2.490837586, ]
5-0-487	6	[2.5213508019999997, 2.517888084, 2.501824816, 2.518812819, 2.488461813, 2.5600721220000002, 2.5364532509999997, 2.477723308, 2.558364507, 2.510672348, 2.493066615, 2.48171265, 2.5233577229999997, 2.53269771, 2.5035685649999997, 2.545415016, 2.5005695610000003, 2.488034508, 2.5567539459999997, 2.5144818939999998, 2.5178020770000002, 2.5290879819999996, 2.4972067090000003, 2.663050458, 2.477324394, 2.576705637, 2.528911642, 2.521483994, 2.5362223520000002, 2.488436458, 2.506620142, 2.478885556, 2.514742948, 2.540731992, 2.490433802, 2.559422662, 2.503018546, 2.525044872, 2.526852913, 2.47937451, ]
6-0-98	10	[2.457385582, 2.484995475, 2.4985372679999998, 2.5150640269999998, 2.4823111129999997, 2.503752381, 2.459116299, 2.464473827, 2.4958204449999997, 2.461783878, 2.479929587, 2.508442358, 2.612111891, 2.470206338, 2.4887157970000002, 2.515053829, 2.5450497139999997, 2.505479622, 2.5234238799999997, 2.472884282, 2.533128135, 2.507260144, 2.440786083, 2.527742676, 2.5207052819999998, 2.4895764929999995, 2.527020163, 2.5004691980000002, 2.511293701, 2.464762772, 2.566345205, 2.5101203599999997, 2.571104658, 2.438194618, 2.552527756, 2.519991856, 2.507796384, 2.481925512, 2.5229435550000003, 2.505506886, ]
5-1-209	8	[2.518559813, 2.4831926789999996, 2.452256876, 2.448768501, 2.4966618059999997, 2.393303541, 2.4567859, 2.4814302969999997, 2.40604299, 2.447274309, 2.507312881, 2.465281655, 2.471388636, 2.4978337760000002, 2.4736198509999996, 2.439192054, 2.472523622, 2.402181488, 2.488694459, 2.4929040039999997, 2.48055522, 2.507185438, 2.4296886360000003, 2.46806613, 2.4332577969999996, 2.467478274, 2.457373346, 2.541665817, 2.450856993, 2.453833693, 2.4506149859999997, 2.5535731740000003, 2.4417995589999997, 2.51412042, 2.5001699000000004, 2.470262719, 2.470264575, 2.4840552989999996, 2.5263367519999997, 2.5842487469999997, ]
4-0-138	11	[2.355273469, 2.5187476139999996, 2.445621758, 2.404914388, 2.432088781, 2.473778147, 2.429179751, 2.381935056, 2.4495457370000002, 2.4301325499999997, 2.455702145, 2.416706787, 2.508076023, 2.416155022, 2.4108827049999997, 2.439476391, 2.417769255, 2.449648689, 2.5021273649999998, 2.426588055, 2.449158541, 2.416656217, 2.401825564, 2.463144796, 2.48865438, 2.478340483, 2.427343681, 2.456028497, 2.4842667720000002, 2.4701030680000002, 2.413287623, 2.43567507, 2.43216769, 2.399677714, 2.437685805, 2.412133577, 2.429779084, 2.431606081, 2.458348188, 2.4345211410000003, ]
3-0-968	8	[2.4335176560000003, 2.367752065, 2.428116884, 2.378303096, 2.4236583389999997, 2.4320965070000002, 2.3682938669999998, 2.391739462, 2.419888271, 2.370745508, 2.404781424, 2.419434468, 2.400323288, 2.384149537, 2.377248521, 2.376320069, 2.408034591, 2.414386312, 2.373582033, 2.43250397, 2.373903738, 2.375789036, 2.41238236, 2.456425834, 2.3888640870000004, 2.3742480939999995, 2.377447599, 2.354445214, 2.388716208, 2.392900794, 2.3587552940000003, 2.407485914, 2.3592769899999997, 2.3788388630000004, 2.3759163880000003, 2.3952984340000003, 2.368437978, 2.40628906, 2.379773636, 2.378352198, ]
4-0-63	8	[2.3318205240000003, 2.3526196720000003, 2.379338827, 2.382206757, 2.3782297860000003, 2.4143898679999998, 2.365857142, 2.3658325909999998, 2.359260114, 2.313404609, 2.3812131749999996, 2.360637487, 2.3914366000000005, 2.371207788, 2.414396722, 2.361946912, 2.379130014, 2.381840837, 2.378643594, 2.423194149, 2.357141931, 2.330357609, 2.407108074, 2.371597631, 2.362384434, 2.444356837, 2.4050471769999997, 2.39372345, 2.311165721, 2.365392754, 2.383008274, 2.357669906, 2.362831887, 2.34465591, 2.3638008590000004, 2.374237443, 2.361273861, 2.39392877, 2.449549826, 2.383976167, ]
3-0-566	8	[2.373440489, 2.340197225, 2.4564096399999995, 2.400827532, 2.426170741, 2.373334731, 2.3828590830000005, 2.3565622779999997, 2.41309805, 2.3725262590000002, 2.389801312, 2.468271951, 2.370735146, 2.375950844, 2.414172217, 2.3825510860000003, 2.42583116, 2.415789952, 2.412444088, 2.448634243, 2.435656674, 2.3791580870000004, 2.4220263330000003, 2.3868433060000003, 2.356228952, 2.395418314, 2.395476654, 2.3846267279999998, 2.392488404, 2.385221215, 2.392876568, 2.3928143210000004, 2.450745695, 2.404676554, 2.4120437810000004, 2.4096004410000003, 2.420860807, 2.381633053, 2.396969184, 2.409561864, ]
3-0-401	9	[2.377621718, 2.413147755, 2.383240801, 2.39010164, 2.35250183, 2.44254728, 2.423266438, 2.369217598, 2.44733156, 2.419714494, 2.4363087340000003, 2.423591396, 2.4235743050000003, 2.4208264489999998, 2.4297911809999997, 2.3812055659999998, 2.395110823, 2.383542463, 2.396940627, 2.440448076, 2.4236969999999998, 2.460740541, 2.374093859, 2.390769059, 2.414316961, 2.423311387, 2.395530784, 2.3798552820000003, 2.4029027680000006, 2.385852901, 2.369764294, 2.428812247, 2.357564021, 2.4072694290000003, 2.35537699, 2.4054117760000002, 2.362079699, 2.3988444330000003, 2.395757838, 2.399177001, ]
4-0-127	7	[2.39994907, 2.352382103, 2.476716524, 2.3845698979999996, 2.3709134790000004, 2.3522225629999998, 2.3997061349999997, 2.379659152, 2.3879718590000003, 2.3436117139999997, 2.320559293, 2.319693881, 2.415315761, 2.3937473870000003, 2.393309146, 2.36674517, 2.382049118, 2.32642518, 2.372248736, 2.4305035680000002, 2.442443993, 2.4194744019999996, 2.415497707, 2.4473513689999997, 2.3728863780000005, 2.38663663, 2.385849628, 2.355305961, 2.396538359, 2.3676513729999997, 2.343359391, 2.352893324, 2.406333793, 2.385290833, 2.431434594, 2.407081948, 2.377237552, 2.3812898849999997, 2.406489242, 2.371882811, ]
3-1-918	6	[2.3955633169999997, 2.412127934, 2.421435129, 2.4518411259999997, 2.411235411, 2.4199772779999997, 2.392908764, 2.368499116, 2.397323036, 2.446468522, 2.433027718, 2.436140437, 2.469315879, 2.4567404909999997, 2.4361493440000004, 2.408472433, 2.385408459, 2.46221944, 2.392928867, 2.4598907299999997, 2.425907637, 2.3932888400000003, 2.400864123, 2.402094956, 2.432493007, 2.3582747790000003, 2.388226405, 2.382030359, 2.394361326, 2.3632346780000004, 2.420282246, 2.38447634, 2.5710733180000003, 2.436038925, 2.352100458, 2.441022188, 2.4115167790000003, 2.3402433140000003, 2.433742723, 2.437387986, ]
4-0-829	7	[2.389940377, 2.409918426, 2.372347163, 2.415188419, 2.362875452, 2.4023384329999997, 2.398003719, 2.367201769, 2.342927434, 2.41850768, 2.390670629, 2.393178284, 2.4212234560000003, 2.4376447470000002, 2.392396017, 2.378624836, 2.4280618609999998, 2.37025405, 2.3946366269999997, 2.3919933, 2.374277254, 2.3283858339999997, 2.381125307, 2.411038573, 2.382924515, 2.379819384, 2.334072592, 2.411277226, 2.373451475, 2.3800033210000002, 2.388685446, 2.3652298270000003, 2.382510859, 2.39073524, 2.3623498560000002, 2.3820003690000005, 2.387506839, 2.391400671, 2.428373715, 2.3623960230000005, ]
2-0-46	10	[2.4130866720000004, 2.421160616, 2.3859930840000003, 2.371225179, 2.364139372, 2.403155197, 2.3663896500000003, 2.4011065279999997, 2.395939814, 2.4123777850000003, 2.414889096, 2.359670318, 2.3689837789999997, 2.4188284510000004, 2.35994877, 2.388447553, 2.40323536, 2.4687524730000003, 2.419424555, 2.406387057, 2.368239684, 2.407738581, 2.360546088, 2.466149714, 2.383217196, 2.4130470809999998, 2.395898946, 2.406085618, 2.3865156190000003, 2.416077209, 2.411054048, 2.349329229, 2.4291428, 2.384079555, 2.3791034800000004, 2.39515302, 2.4180359300000003, 2.3889162699999997, 2.431232205, 2.465708045, ]
2-0-69	11	[2.4997686019999996, 2.495440262, 2.430547986, 2.415639352, 2.494057947, 2.4179648, 2.503006625, 2.457548942, 2.5093826050000003, 2.43818049, 2.406848987, 2.432816164, 2.400512795, 2.4359585050000003, 2.456684034, 2.477741701, 2.4922709469999997, 2.468679645, 2.4988851000000003, 2.459157779, 2.430980702, 2.4556142139999997, 2.45141556, 2.4812701529999996, 2.410762599, 2.441100297, 2.473054862, 2.4824315329999997, 2.460328829, 2.434507409, 2.421921947, 2.431603424, 2.4350217069999998, 2.482222501, 2.4375527179999996, 2.429759743, 2.467286423, 2.376416687, 2.456409702, 2.404984421, ]
3-1-1000	6	[2.354139086, 2.356714086, 2.3110906890000003, 2.337107824, 2.3741581390000004, 2.401868874, 2.385584262, 2.4136514279999997, 2.352185922, 2.333270401, 2.378753715, 2.332408757, 2.341878471, 2.36811045, 2.347623358, 2.355934748, 2.3995671290000002, 2.3783173929999997, 2.333244274, 2.371254474, 2.345663158, 2.4166285249999997, 2.372154365, 2.3830826099999998, 2.365697443, 2.411956503, 2.411229655, 2.380512847, 2.359629698, 2.436263022, 2.355415488, 2.371377593, 2.3501582700000005, 2.3727383349999998, 2.393633471, 2.3602528179999998, 2.377227922, 2.375090801, 2.390069806, 2.348742209, ]
3-1-974	5	[2.4436146109999997, 2.424836134, 2.43933611, 2.4282442140000002, 2.4029897669999998, 2.3959193400000003, 2.40438083, 2.367099086, 2.4326548199999998, 2.3917084940000004, 2.460147565, 2.452695955, 2.432032337, 2.3890307, 2.3896111920000003, 2.455133673, 2.4105986980000003, 2.4481160089999996, 2.4381026949999995, 2.407977899, 2.4105495560000003, 2.465838076, 2.599793535, 2.440366653, 2.4172327449999997, 2.3841944120000003, 2.39256547, 2.423828821, 2.399748649, 2.426325273, 2.491267238, 2.419889432, 2.446714072, 2.4559848100000004, 2.417651805, 2.4058055240000003, 2.4166686410000002, 2.412202562, 2.460135175, 2.430969233, ]
3-1-7	9	[2.4434338870000003, 2.4843487260000003, 2.3914475250000002, 2.436562827, 2.3827803019999996, 2.398478431, 2.4112435050000003, 2.386322593, 2.399230057, 2.396066089, 2.417207851, 2.4222388360000005, 2.436354782, 2.43040345, 2.441356565, 2.375095931, 2.445197743, 2.4714494890000003, 2.436633251, 2.4144911700000002, 2.4200347339999997, 2.436378303, 2.4059391089999997, 2.420033805, 2.4181602900000003, 2.389013694, 2.386454284, 2.546516037, 2.4154457020000004, 2.404886847, 2.413654526, 2.4299253100000002, 2.407027351, 2.441891436, 2.427892921, 2.376946426, 2.392611255, 2.421140897, 2.40845629, 2.456486347, ]
3-0-285	8	[2.404638961, 2.3843044840000003, 2.3467799510000003, 2.400236519, 2.393333174, 2.350219726, 2.396002673, 2.3361377379999997, 2.3946410470000004, 2.370543767, 2.373115528, 2.478500812, 2.3898732660000004, 2.381084726, 2.357259127, 2.370778766, 2.369491925, 2.381404881, 2.3970053940000002, 2.401312215, 2.433497901, 2.327241215, 2.426639927, 2.341749236, 2.4077543200000004, 2.3788415570000003, 2.362695456, 2.33627714, 2.406298714, 2.3716130730000002, 2.414594715, 2.406199809, 2.393246184, 2.340554295, 2.3518537680000002, 2.33112223, 2.3801952849999997, 2.3393298089999996, 2.370225508, 2.3849549640000003, ]
1-1-531	9	[2.4556885590000004, 2.401241457, 2.421341954, 2.428494056, 2.439146697, 2.393900113, 2.429242644, 2.394289955, 2.4231090159999997, 2.4242312630000002, 2.422865859, 2.382032929, 2.455267826, 2.401373585, 2.391466148, 2.394821473, 2.418330761, 2.386315652, 2.4407429, 2.416163298, 2.4223499040000003, 2.428429748, 2.3983891799999997, 2.4001300690000003, 2.410751468, 2.38553981, 2.4458331419999997, 2.4036497600000004, 2.391378445, 2.3707204649999998, 2.456806323, 2.398590539, 2.409085797, 2.404221112, 2.3890634420000003, 2.405644976, 2.433686487, 2.394943894, 2.415321304, 2.40852997, ]
2-0-951	6	[2.465200292, 2.380239834, 2.420954211, 2.3929007870000003, 2.383247694, 2.378598304, 2.4027486620000005, 2.406988912, 2.431591031, 2.40694416, 2.4148501579999997, 2.395409893, 2.377495524, 2.44753992, 2.389512459, 2.403961821, 2.403258054, 2.3834320160000004, 2.385021803, 2.4212139510000004, 2.4335878490000002, 2.4355181270000004, 2.419672566, 2.337493404, 2.408254378, 2.395976163, 2.4159014070000002, 2.423462971, 2.415716206, 2.382773362, 2.431180871, 2.3723109449999997, 2.444025955, 2.447689053, 2.409358267, 2.4100655349999998, 2.425525951, 2.3582259059999995, 2.397186061, 2.386086968, ]
3-1-495	4	[2.4384649190000003, 2.520400188, 2.44425588, 2.4099198530000003, 2.392413197, 2.404941457, 2.389535888, 2.405711849, 2.365171677, 2.3904411760000004, 2.503441711, 2.40002402, 2.4995098440000003, 2.420324937, 2.40389232, 2.387766719, 2.4471556249999997, 2.3901404360000003, 2.513368343, 2.396185607, 2.41392284, 2.40778672, 2.415421775, 2.4144181529999997, 2.438209734, 2.435124549, 2.3794093419999998, 2.4295422350000004, 2.429657953, 2.387420304, 2.435677631, 2.438189928, 2.4337214879999998, 2.444418552, 2.4335903229999998, 2.4015043659999997, 2.3691902910000002, 2.424767077, 2.420115266, 2.482745085, ]
4-0-275	10	[2.395525417, 2.4239261759999997, 2.436935587, 2.398475582, 2.466933238, 2.428990201, 2.444901299, 2.414136474, 2.425025798, 2.429434726, 2.4356966250000003, 2.4107407619999996, 2.366154673, 2.458863193, 2.4594655480000003, 2.414547732, 2.4258318979999998, 2.477589182, 2.429228359, 2.4139446940000004, 2.438243775, 2.460148152, 2.377089305, 2.4490518970000004, 2.4943006599999995, 2.4182403199999998, 2.4517645019999996, 2.438128277, 2.4562969659999996, 2.475997135, 2.4195055830000003, 2.4690414389999997, 2.441905832, 2.510452669, 2.404092769, 2.4853007509999996, 2.4036416210000002, 2.4262060950000004, 2.457259062, 2.449746627, ]
3-0-107	8	[2.453105655, 2.4207762560000003, 2.363343902, 2.446168631, 2.384475647, 2.409446066, 2.438111787, 2.446330488, 2.380277209, 2.508818604, 2.44230598, 2.431988937, 2.4137890769999997, 2.4275989979999997, 2.39217017, 2.444639349, 2.419828651, 2.4276556830000002, 2.487373717, 2.421121702, 2.407708558, 2.369485706, 2.413447166, 2.3658265849999998, 2.409912312, 2.4290772890000003, 2.400528254, 2.4484537900000003, 2.395194784, 2.408336326, 2.436687219, 2.469437579, 2.389758693, 2.443499102, 2.3987287029999997, 2.4707953579999997, 2.4135090210000003, 2.443062507, 2.4538601829999998, 2.395035013, ]
2-1-160	11	[2.478548129, 2.4423688869999998, 2.4581521219999996, 2.55527573, 2.396402332, 2.403693367, 2.454524266, 2.430773201, 2.438083586, 2.459256206, 2.4436396719999998, 2.416422041, 2.43683262, 2.390521317, 2.4358623980000003, 2.434582315, 2.459195457, 2.466002059, 2.404039768, 2.4208274690000002, 2.3905978599999997, 2.430701095, 2.422084487, 2.3984870899999997, 2.381569645, 2.418457666, 2.4598907939999997, 2.428712714, 2.4595213510000002, 2.39284473, 2.463102682, 2.421032457, 2.442549268, 2.408026569, 2.441214531, 2.4136935090000002, 2.4246662420000002, 2.460611048, 2.449943571, 2.426176883, ]
1-1-215	7	[2.5287858290000003, 2.5098099929999997, 2.476162336, 2.47886287, 2.5049042370000003, 2.496400393, 2.470484515, 2.4501991559999996, 2.491476786, 2.487443433, 2.445531798, 2.4747866810000003, 2.443625162, 2.49595447, 2.474821844, 2.482905878, 2.486616771, 2.503004991, 2.45347846, 2.455345292, 2.476728203, 2.526981243, 2.431215236, 2.470478667, 2.4581493340000002, 2.4528937720000004, 2.535897542, 2.467100503, 2.484535322, 2.475355135, 2.4846299739999997, 2.4605041240000003, 2.4777092009999997, 2.474845538, 2.531831738, 2.4763258730000004, 2.4909863979999995, 2.502857696, 2.476637625, 2.525244648, ]
3-1-634	6	[2.334691089, 2.370119673, 2.380331472, 2.3328767420000003, 2.3889700400000002, 2.39436544, 2.3907478490000003, 2.397718773, 2.3807223090000003, 2.3306780689999997, 2.381604973, 2.352059999, 2.385191356, 2.331200584, 2.378793472, 2.400079959, 2.404232885, 2.343348013, 2.357229723, 2.3409787399999997, 2.363568208, 2.387043998, 2.334753375, 2.365069053, 2.4252296490000003, 2.375036595, 2.3566129360000003, 2.386449217, 2.360373925, 2.3884460379999997, 2.408272729, 2.348400004, 2.356048208, 2.3893767439999998, 2.326886918, 2.360075989, 2.4136445760000003, 2.4136209120000003, 2.3944097839999996, 2.357615655, ]
3-0-593	9	[2.410218412, 2.446100328, 2.4219242020000005, 2.418849562, 2.495178275, 2.464934597, 2.4558719890000003, 2.418849276, 2.429380439, 2.488527471, 2.445716462, 2.433480503, 2.4380177959999996, 2.4413055150000003, 2.4416898209999998, 2.453571515, 2.483093534, 2.4283608159999996, 2.486281261, 2.4424198880000003, 2.4334179660000004, 2.423050863, 2.4191408340000002, 2.424252355, 2.443501802, 2.422927557, 2.41383246, 2.429335153, 2.4542589710000002, 2.470461505, 2.406341313, 2.401805259, 2.427905108, 2.446018184, 2.4546826380000004, 2.399622362, 2.394383478, 2.4832902590000003, 2.46172992, 2.444545774, ]
2-0-846	8	[2.426731432, 2.5116453560000003, 2.470966415, 2.455964209, 2.4395215520000004, 2.482423186, 2.398831085, 2.49186642, 2.438523247, 2.4015734010000003, 2.4099342980000005, 2.417114198, 2.373943266, 2.431250858, 2.478997281, 2.410608956, 2.414499684, 2.402830493, 2.4544422580000003, 2.462128821, 2.454565629, 2.408047872, 2.409423096, 2.440660753, 2.419232092, 2.411104044, 2.441849656, 2.4410966, 2.501365667, 2.411331784, 2.477232776, 2.353188649, 2.4150653899999996, 2.445324948, 2.397073849, 2.4241450199999997, 2.4086649639999997, 2.444515659, 2.450774848, 2.433615884, ]
2-1-921	7	[2.370820242, 2.3959566370000003, 2.373946372, 2.382743474, 2.40881419, 2.356964028, 2.4035508, 2.39102431, 2.40743534, 2.409887394, 2.4317831540000006, 2.408989216, 2.391811403, 2.4068187119999997, 2.4137383910000003, 2.3870026109999998, 2.389774286, 2.4040963059999996, 2.3635387770000005, 2.3910674590000003, 2.379919152, 2.394738727, 2.4590425220000003, 2.384955367, 2.377532608, 2.458084303, 2.398757974, 2.387730488, 2.425797639, 2.3804483239999996, 2.4198058319999998, 2.393673578, 2.393621322, 2.386266223, 2.379413351, 2.428169339, 2.413154429, 2.363531792, 2.373508319, 2.33854993, ]
2-1-914	8	[2.430208191, 2.410294072, 2.386563321, 2.414718514, 2.411121926, 2.4057564329999996, 2.409027152, 2.432505012, 2.440346059, 2.38579614, 2.375268517, 2.393052843, 2.4398929380000003, 2.369801377, 2.418010686, 2.407166747, 2.4446526860000004, 2.412583389, 2.394691187, 2.574684113, 2.4188935989999996, 2.3943200140000003, 2.447505353, 2.4078373379999998, 2.400277363, 2.42293886, 2.4489727750000005, 2.408924525, 2.484763832, 2.444557225, 2.393604851, 2.6509921050000003, 2.400903697, 2.396852146, 2.3889552510000005, 2.473507693, 2.417604645, 2.3949019910000002, 2.3533193150000002, 2.456372818, ]
2-1-409	8	[2.4077295860000003, 2.387907586, 2.3980214679999996, 2.355941782, 2.422921045, 2.503287436, 2.390584388, 2.407436262, 2.370466442, 2.388476176, 2.3790260850000005, 2.387007083, 2.414697017, 2.3629236560000004, 2.387236058, 2.397874646, 2.450568223, 2.3591833110000002, 2.3624402050000004, 2.377353124, 2.384780292, 2.4001312109999997, 2.363168515, 2.417436637, 2.3590655050000002, 2.411026112, 2.427135684, 2.389614504, 2.361132127, 2.3681380890000003, 2.372248347, 2.414708548, 2.356816617, 2.3804684860000003, 2.402194212, 2.402173619, 2.3960454010000003, 2.404093923, 2.363255553, 2.4261588290000002, ]
3-1-523	8	[2.3908722100000004, 2.390472234, 2.422003105, 2.458121196, 2.398074536, 2.394187032, 2.393025066, 2.364772383, 2.43361084, 2.421296933, 2.404225244, 2.419272733, 2.378317394, 2.418351553, 2.403885431, 2.426760406, 2.42621431, 2.453479239, 2.399528273, 2.348992092, 2.466772595, 2.436958254, 2.362304912, 2.366708174, 2.395469615, 2.403683083, 2.3953947060000003, 2.3415686090000003, 2.4045570400000003, 2.4197918199999995, 2.447680922, 2.3806165150000003, 2.426662669, 2.422212304, 2.368466418, 2.4030535860000004, 2.385330723, 2.405273846, 2.428160453, 2.403044365, ]
0-1-444	8	[2.350176486, 2.3960187719999997, 2.410827572, 2.4194475129999997, 2.3720803740000003, 2.4082218070000003, 2.388907388, 2.392611166, 2.3845228339999998, 2.359343226, 2.4205567820000002, 2.436400793, 2.3726747479999997, 2.352892072, 2.367364428, 2.375635354, 2.365646599, 2.3454702960000002, 2.408693209, 2.380326029, 2.339185254, 2.375872197, 2.35496077, 2.37201649, 2.388093929, 2.381216571, 2.366677057, 2.41888114, 2.444830035, 2.409433215, 2.3819122999999998, 2.3718823770000004, 2.4073989719999997, 2.411773594, 2.431005647, 2.372254287, 2.431184384, 2.409125579, 2.392099471, 2.3782754500000003, ]
0-1-436	9	[2.434780936, 2.434531073, 2.393923351, 2.4384899239999998, 2.4133019129999997, 2.41585068, 2.381647376, 2.4045541630000002, 2.419851652, 2.3530958720000004, 2.420837254, 2.406810355, 2.462071365, 2.4479738079999995, 2.368523998, 2.424798185, 2.3847780739999997, 2.448732623, 2.4177077729999996, 2.443927736, 2.380381657, 2.372264071, 2.485618157, 2.433396215, 2.398867649, 2.44970547, 2.4462125439999998, 2.450269759, 2.388154917, 2.46416831, 2.4327146310000005, 2.440350902, 2.382709416, 2.425097557, 2.4215761689999997, 2.390052932, 2.449822944, 2.405047013, 2.439289265, 2.467956219, ]
1-0-35	11	[2.424976058, 2.481727275, 2.408178221, 2.39396275, 2.388938402, 2.4543425119999998, 2.446098607, 2.510597296, 2.448917245, 2.457545615, 2.4851263990000003, 2.493275132, 2.500731602, 2.4334721010000004, 2.451643183, 2.477751368, 2.477937771, 2.4586882820000002, 2.4355883360000004, 2.4447388620000003, 2.44712827, 2.443698144, 2.4560423709999997, 2.564434406, 2.4252904500000003, 2.4396241539999997, 2.410498066, 2.4277297730000003, 2.463756509, 2.468524874, 2.4380833699999997, 2.40126289, 2.458085103, 2.4257959209999997, 2.42322106, 2.444121482, 2.3993058310000004, 2.504736409, 2.549125353, 2.470052373, ]
0-0-788	11	[2.414532821, 2.4907807880000004, 2.4485945200000003, 2.441927948, 2.398464849, 2.6764962409999997, 2.4359277710000002, 2.423938642, 2.46433841, 2.421035482, 2.4792273060000003, 2.406843458, 2.468642267, 2.4070283150000003, 2.435081467, 2.413754596, 2.4760462110000003, 2.39279304, 2.458312361, 2.4432881469999996, 2.446603543, 2.430664842, 2.4007465339999996, 2.472827283, 2.3878402629999997, 2.4355161319999996, 2.4050236270000003, 2.4522801860000003, 2.4213649950000002, 2.42192063, 2.432064674, 2.423923383, 2.4311187270000003, 2.4728269450000004, 2.432902236, 2.458598741, 2.4265514599999998, 2.432390235, 2.429198286, 2.4509538209999997, ]
1-0-657	10	[2.43996852, 2.378554148, 2.414859953, 2.4365508240000002, 2.442345591, 2.421918685, 2.4208871160000003, 2.461519144, 2.3962643659999996, 2.434725965, 2.4009341969999998, 2.412054834, 2.406869403, 2.423821953, 2.400769306, 2.423408107, 2.467005235, 2.4352368340000003, 2.405421774, 2.42555562, 2.4235707360000003, 2.4205396749999997, 2.459950443, 2.4194952229999998, 2.4903503440000003, 2.44550618, 2.410331073, 2.427211173, 2.447191325, 2.4042078929999997, 2.45754071, 2.450860991, 2.443947013, 2.400403583, 2.461826289, 2.418051588, 2.452784249, 2.4284061890000004, 2.4238055739999997, 2.409483076, ]
0-1-972	8	[2.38734378, 2.3638115390000003, 2.414859839, 2.3887897010000003, 2.394315012, 2.370915699, 2.409664047, 2.447921961, 2.413450201, 2.438936189, 2.4387990289999997, 2.4215970669999995, 2.421183546, 2.442008217, 2.404127228, 2.406086234, 2.4348260010000002, 2.393139491, 2.403976675, 2.418965047, 2.3953679180000003, 2.418463738, 2.371875814, 2.411633503, 2.394345746, 2.418696071, 2.375165274, 2.442488243, 2.397139953, 2.424965032, 2.399170541, 2.417528019, 2.416253154, 2.3716646, 2.404611907, 2.411400022, 2.406754588, 2.4094029889999997, 2.423015095, 2.401123881, ]
0-1-201	10	[2.366631496, 2.39703811, 2.419149037, 2.416862406, 2.397152608, 2.411556834, 2.4220624939999995, 2.458956954, 2.4139719139999998, 2.427965348, 2.4191495880000002, 2.422185432, 2.4066515, 2.4497550720000003, 2.40661925, 2.429404031, 2.464184286, 2.451989674, 2.412794848, 2.6198822780000004, 2.429533018, 2.4311515009999995, 2.404953801, 2.447418665, 2.417982995, 2.430246615, 2.439140915, 2.446372181, 2.4615205359999996, 2.377435814, 2.486244873, 2.417933181, 2.368126402, 2.388899423, 2.432900693, 2.477053099, 2.409486576, 2.3674593440000002, 2.4693546719999997, 2.414551488, ]
0-1-509	6	[2.372638376, 2.2929749270000004, 2.3135114480000003, 2.354418657, 2.321575602, 2.3372627030000004, 2.3328375340000003, 2.3544394109999995, 2.405096054, 2.339994462, 2.322059271, 2.30334644, 2.3530497280000002, 2.359977691, 2.3084427960000005, 2.366579614, 2.35206405, 2.336834271, 2.347734793, 2.3739488800000004, 2.337691093, 2.3266089840000004, 2.2938901140000003, 2.383910993, 2.366309974, 2.331798989, 2.3541508679999996, 2.360034903, 2.327735923, 2.341804859, 2.349827297, 2.3127694959999996, 2.355166498, 2.295913982, 2.345356689, 2.370462793, 2.349590761, 2.309783844, 2.3640867969999997, 2.375083339, ]
1-0-522	11	[2.426749641, 2.454656915, 2.421633376, 2.441810591, 2.402824864, 2.450486935, 2.413733891, 2.38482237, 2.403869364, 2.441175496, 2.453789193, 2.418260162, 2.4032165460000003, 2.438229348, 2.413719836, 2.442265663, 2.4491047229999996, 2.444204396, 2.418059127, 2.362017346, 2.4174537050000002, 2.440617328, 2.393737795, 2.447782494, 2.399323679, 2.43930326, 2.485972608, 2.420670627, 2.427129268, 2.450209826, 2.435567377, 2.432315033, 2.470504135, 2.454214875, 2.400579329, 2.4708498150000002, 2.374669817, 2.450050219, 2.429098404, 2.4581434790000003, ]
1-0-470	8	[2.481023638, 2.510320684, 2.4709074579999997, 2.4530762590000004, 2.532359896, 2.474444168, 2.462577524, 2.5024492929999997, 2.4577030669999997, 2.4753626300000002, 2.529715127, 2.5979807100000003, 2.465214229, 2.492529521, 2.497833341, 2.456493482, 2.475131963, 2.480551073, 2.478395324, 2.5518753889999997, 2.530132269, 2.45652241, 2.465880591, 2.458028142, 2.4798423769999998, 2.466612623, 2.471118479, 2.463391928, 2.477217102, 2.44021282, 2.565782242, 2.475875018, 2.482264708, 2.4673429019999995, 2.4718162290000003, 2.458405684, 2.472238705, 2.494815145, 2.500595337, 2.5065165, ]
1-0-459	8	[2.480419145, 2.487224495, 2.4302113189999996, 2.4514861260000003, 2.685350922, 2.45719682, 2.493290371, 2.448841482, 2.4347678569999998, 2.4883295929999996, 2.463885546, 2.49993058, 2.477638694, 2.4930410299999997, 2.453730013, 2.444737619, 2.478422687, 2.4404654, 2.4701008609999997, 2.517692324, 2.4690548769999996, 2.442685233, 2.468328402, 2.522265969, 2.4643330960000003, 2.563276386, 2.434126208, 2.4459970569999996, 2.4620814220000002, 2.4471182650000003, 2.4460495160000004, 2.4652578629999997, 2.483589478, 2.507264454, 2.471151786, 2.4807413560000002, 2.455989528, 2.434175253, 2.427176679, 2.456672726, ]
0-0-343	9	[2.463777372, 2.515745547, 2.603284645, 2.459941863, 2.4996133389999997, 2.456545234, 2.434779717, 2.430506026, 2.4685452330000004, 2.47922023, 2.453142631, 2.484879535, 2.546960552, 2.4904133149999996, 2.482485087, 2.454912777, 2.4595931120000003, 2.435369486, 2.506051321, 2.530096096, 2.4373181529999997, 2.481085586, 2.495989553, 2.488829855, 2.450530497, 2.405536896, 2.451896484, 2.456863408, 2.4721608429999997, 2.499142825, 2.4802822809999996, 2.537073294, 2.48421574, 2.469380081, 2.59652048, 2.495556941, 2.524777617, 2.4587510569999997, 2.465140071, 2.412744002, ]
0-0-373	9	[2.397940478, 2.4316125590000004, 2.397836257, 2.402118841, 2.372013289, 2.417640489, 2.378657167, 2.406702283, 2.4361543500000002, 2.388242874, 2.412809619, 2.415682693, 2.4186042800000003, 2.470700812, 2.40143313, 2.373652292, 2.483377575, 2.415714551, 2.3669498270000005, 2.4558545840000003, 2.4196562549999996, 2.4033954509999997, 2.387382174, 2.4223905940000003, 2.4103708729999997, 2.473568822, 2.422433783, 2.446043535, 2.4263442489999996, 2.415872372, 2.402053724, 2.358940372, 2.429852887, 2.356025887, 2.446520793, 2.4032865369999996, 2.425649697, 2.3814578660000003, 2.43373301, 2.378751296, ]
